-9.323702526526198575e-01,3.090457563274506381e+00,-1.610808544465809344e+00
1.509097629367388782e+00,-1.434012584930316025e+00,-6.123242761678227009e-01
2.253526113744134474e+00,-4.066343416474448524e+00,1.868401090526635500e+00
-2.011551530640752983e+00,3.810473504487720486e+00,-1.833785470006862095e+00
4.805794773599609826e-01,9.956031935496747476e-01,-1.288531779899412921e+00
1.140686983275721156e+00,-6.480949059212334218e-01,-8.702517052523613961e-01
1.382681513285135111e+00,-9.631157522266103888e-01,-7.492628601093400675e-01
1.363129814468345691e+00,-1.346547266749282157e+00,-6.765515363664524884e-01
8.160726277031294940e-01,5.469673320651882165e-01,-1.239776442782863697e+00
1.363426455832496664e+00,-1.094384672024083960e+00,-7.044519478827743209e-01
1.265172703482484451e+00,-6.177869300549417853e-01,-8.780040707579332970e-01
-4.189471528767064079e+00,4.442398867844540078e+00,-2.061242410451890272e+00
7.115512707003610604e-01,7.228341830909371657e-01,-1.306885094949912896e+00
8.566068926558814134e-01,2.167471284650372421e-01,-1.078689551518347667e+00
1.363519171803258878e+00,-1.317755536279333173e+00,-6.563572687933831862e-01
2.391431446427342511e+00,-4.242670471264122334e+00,2.213252368423316518e+00
2.031721196916791872e+00,-3.624549554221606851e+00,8.406312245358739110e-01
-3.433932482192756375e-01,2.513091869255965172e+00,-1.590198585387018415e+00
-7.425483253623054170e-01,2.859908394415015653e+00,-1.727848640755690113e+00
1.897808772138219968e+00,-3.000670757278372847e+00,6.593572022974375502e-02
1.765460060976032697e+00,-2.407881327863373500e+00,-2.580367392142126071e-01
1.413568356011219773e+00,-1.168979826058019977e+00,-6.755946703929045505e-01
2.162766365644328115e+00,-3.935237512484488498e+00,1.371729904167313885e+00
9.385238692601025612e-01,2.300758334027445395e-01,-1.056093021021382139e+00
2.060346986896659960e+00,-3.449060161446977801e+00,4.373551668761719857e-01
1.182195597803670228e+00,-6.124458615127723604e-01,-8.873328178729645854e-01
1.085439141228247362e+00,-4.108440466248622358e-01,-9.016667001085350019e-01
1.329914849074831151e+00,-1.141127587993309378e+00,-6.773972193445686463e-01
1.477817405392051864e+00,-1.510878422347833538e+00,-5.752815449041212004e-01
-7.333324012752645560e-01,3.001216236723188047e+00,-1.669650503510861306e+00
-8.477670218079922382e-01,3.006089846283259703e+00,-1.634381385924694063e+00
1.965058127743963379e+00,-3.646490218730693567e+00,6.803901597994164163e-01
1.378535337688095330e+00,-1.355732604030059241e+00,-5.159345235507262206e-01
4.538173321313823116e-01,1.235350293395795829e+00,-1.294828776018353000e+00
2.250744439009422670e+00,-3.907734657473793227e+00,1.329961628579936050e+00
1.443492896213866228e+00,-1.494392016114206800e+00,-5.595494929788792371e-01
2.122205860538503686e+00,-3.743761831658710459e+00,9.315848314289013610e-01
1.328843648787248144e+00,-9.897469259080463599e-01,-7.803523904165494685e-01
1.470494802034580939e+00,-1.663142040216415651e+00,-5.345076066175005192e-01
1.621242773843344809e+00,-2.166483154254206234e+00,-3.285070704141061504e-01
7.128201665810997012e-01,4.678726851023748412e-01,-1.035924010808684681e+00
5.052154866505491615e-01,1.068390966561061139e+00,-1.266429459038111771e+00
8.661529595513223212e-02,1.911667136441652426e+00,-1.424016287268869974e+00
7.923123677266035170e-01,5.491999845165262961e-01,-1.208715195090984018e+00
2.783549466568380648e+00,-4.958590559175280355e+00,3.135770074787604500e+00
9.991300721159547260e-01,-2.882411578665955432e-01,-1.020932217127930475e+00
5.014221014287728595e-01,1.024146373120855769e+00,-1.238047552995768186e+00
1.331013886610332930e+00,-8.551003712476223928e-01,-7.923746600399301787e-01
1.348765174888284235e-01,1.574443134814516920e+00,-1.410241227920337126e+00
1.681525248762167912e+00,-2.192083921642428823e+00,-4.464280516564662626e-01
-8.184083923256862958e-01,3.084160862386883029e+00,-1.653958126212362378e+00
-5.287506382021481821e-01,2.694097549908671230e+00,-1.624620103097552004e+00
1.135555458890242786e+00,-3.608554460127876284e-01,-9.258603017346885844e-01
1.926961092081026727e+00,-3.079556646849888946e+00,1.215049279774532698e-01
1.182061487516369302e+00,-5.157472342682078992e-01,-9.428129420494970603e-01
-2.371735540536879405e+00,3.882072004452732816e+00,-1.949454235462189544e+00
9.373194209965991786e-02,1.891866408607760563e+00,-1.385200230477477534e+00
1.331506810693108278e+00,-1.296911891587172239e+00,-6.883300800515693707e-01
-1.956430762426143721e-01,2.333322877009775809e+00,-1.477774464376621522e+00
1.375917856149206919e+00,-1.315033798071558513e+00,-6.913070578531621546e-01
-2.273818947940929647e+00,3.980511419053875510e+00,-1.860812138652272019e+00
-3.439561322738073912e-01,2.571232006143401971e+00,-1.567376422501453259e+00
1.527093150570926650e+00,-1.643026678974901733e+00,-4.505415549930701924e-01
-3.222564522576309987e+00,4.233992639154534388e+00,-2.036624686339195023e+00
1.553031068862682940e+00,-1.828270611214930286e+00,-5.166774925312094258e-01
-7.036091756957650878e-01,2.904462587126186879e+00,-1.676463177256441561e+00
3.107195707723354516e+00,-5.405338278279603337e+00,3.532216628838666050e+00
-1.948339855908045370e+00,3.812974213053232031e+00,-1.817263212994343347e+00
2.468794547699726394e+00,-4.083889165763569196e+00,2.097913082072859758e+00
-8.671604819208540427e-01,3.048693909341825048e+00,-1.614122209556832610e+00
1.843567671928314056e+00,-2.861723319812329969e+00,-3.388761959093291448e-02
1.128603251180094080e+00,-2.070871468771472712e-01,-9.490567927041804186e-01
-1.027380669356609683e-01,2.304013788902635973e+00,-1.552528346180882535e+00
1.254778787364803083e+00,-8.134513926538088358e-01,-8.486793073963351253e-01
9.661792571589764012e-02,1.875946555109078817e+00,-1.443431696356227922e+00
1.671913241146754547e+00,-1.961079659987631008e+00,-3.270939590471962366e-01
2.152452532641191407e+00,-3.599719028760814954e+00,7.228032559395936030e-01
4.643099141246973538e-01,1.224718654712444010e+00,-1.337604005233451465e+00
1.781696855605271468e+00,-2.622169357682910373e+00,-1.361197001795079464e-01
5.182050742801880272e-01,1.039092729196646525e+00,-1.232141328724951190e+00
8.113918483711463070e-01,6.570360755334966329e-01,-1.111974753574553221e+00
-6.088409104883500955e-01,2.874430949361457266e+00,-1.550879962743808349e+00
2.193385701207740013e+00,-4.009222199084196525e+00,1.663520300637323590e+00
2.601191842946124488e-01,1.408552294698896867e+00,-1.255190180325797655e+00
-3.283556409378243668e+00,4.189640653184173225e+00,-2.001511892126338399e+00
-1.746393950253829264e+00,3.832621856863815957e+00,-1.827888273715038370e+00
-4.834989563271495427e+00,5.015149860062320109e+00,-2.288718373329415634e+00
-5.129923682547919972e-01,2.636230682638030398e+00,-1.630862508649377096e+00
7.442760707262030540e-01,6.486114238224917061e-01,-1.062685611338557878e+00
1.664250616509202807e+00,-1.835371746663219339e+00,-3.841505544746254275e-01
2.023549672639418429e+00,-3.661057419342412356e+00,7.436605010557680862e-01
-4.094568699133153800e+00,4.465173107336331881e+00,-2.049472116200341532e+00
1.375542892923022897e+00,-8.621800498565329596e-01,-8.167869621999712670e-01
-2.282487589634235814e+00,3.974635584052321757e+00,-1.914336080020549558e+00
1.965859244745438383e+00,-3.307321086097412710e+00,4.269712575989967895e-01
6.352661987676953004e-01,8.155534813381921655e-01,-1.208522369114834349e+00
1.210682868531697043e+00,-8.911360016642405624e-01,-7.844892031973506041e-01
9.827920225795945264e-01,8.170302074096658096e-02,-1.103823095727789028e+00
-8.143645937597893125e-02,2.266859669416054768e+00,-1.564854857539730970e+00
2.242843600603113163e+00,-4.048950439291728820e+00,1.730020818547806094e+00
