0.330979,-0.817404,-0.426732
-1.369242,2.010354,2.867232
0.521629,-0.836708,-0.577769
0.706073,-0.902347,-1.301120
0.714445,-0.859103,-0.847693
-0.865225,0.709209,1.767792
-2.002446,3.894845,3.517881
0.745043,-0.920435,-1.251432
1.960354,-1.691833,-2.971145
-2.158730,4.230288,3.610700
1.603348,-1.242309,-2.581181
1.099672,-0.940807,-1.899538
-0.437633,0.021532,1.193047
-1.577708,2.872738,3.058654
-0.365145,-0.175834,1.051785
2.055375,-2.067377,-2.996542
0.580462,-0.947993,-0.921533
1.757082,-1.362339,-2.787957
0.983532,-0.914541,-1.489368
0.960102,-0.962736,-1.835110
-1.446301,2.273163,2.903871
-2.053587,3.913329,3.408761
-0.391897,-0.012426,1.252318
2.317106,-2.700009,-3.098325
1.477897,-1.048912,-2.306147
2.559024,-3.677246,-3.163536
-0.181749,-0.264108,0.744923
0.247211,-0.755259,-0.276109
1.622497,-1.156857,-2.567563
