1.973712,-1.208291,-1.702997
-0.147361,-0.523809,0.367249
2.041125,-1.265576,-1.862631
1.259049,-0.977539,-0.320961
1.148659,-1.039163,-0.309751
1.818199,-1.143599,-0.927185
-1.177144,1.104606,0.930836
-1.351998,1.639375,0.984263
-1.251868,1.312429,0.981963
1.960531,-1.284195,-1.605038
2.489612,-1.306026,-2.133235
1.158913,-0.963061,-0.311109
-1.237356,0.816748,0.893291
-1.115243,0.700853,0.871093
-1.145724,0.471763,0.856154
1.794496,-1.097890,-0.913621
-0.397797,-0.336132,0.549678
-1.045697,0.326241,0.794555
0.920457,-0.872749,-0.094180
-2.209630,1.930515,1.129804
-1.220693,0.669581,0.784164
-1.227139,1.165606,0.994659
-1.320599,1.502269,0.919855
-0.499121,-0.241611,0.656882
0.781082,-0.873719,0.007294
1.681846,-1.075458,-0.749444
-1.140706,0.544407,0.983905
0.103732,-0.562665,0.387839
1.520981,-1.067504,-0.526062
0.473500,-0.722761,0.144957
-1.261415,1.433784,0.999604
