1.947517,-1.180794,-1.274032
1.259049,-0.977539,-0.320961
1.148659,-1.039163,-0.309751
-1.663257,1.748669,1.083384
-2.603032,1.976854,1.191970
-1.909260,1.830052,1.024468
1.914314,-1.204979,-1.113843
-1.351998,1.639375,0.984263
1.021844,-0.962338,-0.261484
0.384196,-0.662865,0.126197
-1.236071,0.496299,0.857714
-1.273896,1.257346,1.033749
-3.290239,2.039475,1.359150
-2.372649,1.819800,0.981360
-1.045697,0.326241,0.794555
0.967736,-0.807788,-0.182578
-1.227139,1.165606,0.994659
0.398590,-0.608607,0.152248
-0.499121,-0.241611,0.656882
0.781082,-0.873719,0.007294
-0.559277,-0.226600,0.535918
-0.705964,-0.114652,0.710163
1.681846,-1.075458,-0.749444
0.103732,-0.562665,0.387839
-1.244461,0.839096,0.923686
-1.222964,1.489140,0.879945
2.878086,-1.520143,-2.264556
