-0.584526,-0.612451,1.193068
-1.323680,0.206143,1.388650
-1.938882,1.059905,1.526712
3.022199,-1.869137,-1.835696
-0.251456,-0.893575,0.974853
-3.254655,4.603887,1.873668
2.637233,-1.749798,-1.123608
-1.866487,0.887639,1.452035
-1.784064,0.632264,1.507235
-2.665277,2.665337,1.648623
1.018240,-1.534892,0.313681
0.343756,-1.306764,0.742345
-1.644995,0.621260,1.502558
-0.235989,-0.988998,1.030515
-0.007862,-1.110460,0.900459
-0.371766,-0.927314,1.123365
1.255179,-1.585160,0.133544
-3.188582,4.316972,1.690675
2.233508,-1.724673,-0.744167
1.740270,-1.683333,-0.272123
-1.071406,-0.109816,1.371406
2.929029,-1.799446,-1.729434
1.099834,-1.608254,0.240376
0.007220,-1.116311,0.825907
-1.363287,0.163771,1.410156
-0.164565,-1.034853,1.002650
-0.546538,-0.604397,1.205555
-1.094777,-0.119159,1.272635
1.041003,-1.499823,0.281899
-1.881251,0.851679,1.536362
