2.082582,-1.854270,-0.577399
0.857793,-1.505515,0.405855
1.029052,-1.677611,0.372938
0.129107,-1.206473,0.872273
0.414636,-1.334251,0.621490
-1.714895,0.633226,1.594093
1.396451,-1.683567,0.040958
-0.004722,-1.089974,0.967004
0.121826,-1.175457,0.988971
2.891616,-1.846527,-1.708530
2.805785,-1.792719,-1.579813
1.142782,-1.632866,0.287045
-0.388522,-0.839128,0.999032
-2.356074,2.079656,1.660115
2.444809,-1.726767,-1.117047
1.820722,-1.693488,-0.403541
2.642412,-1.816679,-1.333014
-0.265604,-0.847626,1.066846
0.891042,-1.433174,0.335204
-2.253222,1.714389,1.534276
-2.786870,2.837296,1.615708
-0.797740,-0.468447,1.339926
2.580110,-1.877896,-1.298254
