0.028300,1.087400,0.106900,0.626100,0.108900,0.487900,-0.036700,0.797800,-0.069100,0.687100,0.041700,0.704800
0.628200,0.115700,0.857100,0.331400,1.049100,0.291800,0.845100,0.343700,1.130400,0.217900,0.945700,0.223800
0.356800,0.478400,0.759700,0.370900,0.718500,0.561400,1.689700,0.048200,-0.055000,2.069800,0.011100,-0.010700
0.836400,0.032700,1.186400,0.196800,1.436000,0.122600,1.236400,0.144200,1.383800,0.211000,1.171300,0.217700
0.091400,0.572400,0.350400,0.638000,0.414800,0.702800,1.752300,-0.022600,-0.022900,2.024300,-0.017700,0.019100
0.206200,0.409800,0.255100,0.714800,0.446600,0.635900,0.271500,0.696900,0.249000,0.882900,0.220100,0.759100
1.130800,-0.028600,1.000500,0.738700,0.839000,0.187400,1.084800,0.637400,0.853400,0.137300,1.042200,0.683600
0.126900,0.973100,0.412000,1.036700,0.573300,0.985600,1.699400,0.036800,-0.024700,2.024300,-0.011000,1.743800
-0.021800,0.829900,0.159900,0.964900,0.378000,0.848300,0.021800,1.707200,-0.045700,2.054800,-0.010200,0.012400
0.451600,0.303100,0.653900,0.438300,0.869600,0.324400,1.766400,-0.039900,-0.040200,2.044000,0.058000,-0.069900
1.091400,0.015000,0.751600,0.993200,0.673900,0.422400,0.943700,0.768300,0.629400,0.439900,0.806300,0.929800
1.052100,0.066500,0.752800,0.980700,0.602400,0.870300,0.780300,0.946000,0.722200,0.650700,0.726100,1.012000
-0.023600,0.698700,0.149300,0.841500,0.293300,0.812100,-0.034100,1.772800,-0.073900,2.085800,-0.051900,0.061000
0.727000,0.382800,1.070200,0.452100,1.323100,0.302200,1.663400,0.084000,2.080600,-0.090900,0.074300,1.642100
0.390700,0.558700,0.691800,0.578700,0.750800,0.653300,1.765900,-0.039000,-0.004400,2.007300,0.011500,-0.014400
0.477800,0.567800,0.871400,0.746200,0.905500,0.949900,0.842300,0.781100,0.914100,0.974700,0.778100,0.862200
-0.015800,0.455300,0.115800,0.644200,0.348600,0.510600,-0.101900,1.854600,0.024500,-0.030500,0.062600,-0.074600
0.411500,0.315000,0.625100,0.516800,0.686400,0.621600,0.615700,0.528300,0.550100,0.803500,0.584800,0.566000
0.699000,0.169500,1.112800,0.237900,1.287200,0.246300,1.054400,0.304700,1.330800,0.226700,1.103400,0.248600
0.536800,0.212100,0.763800,0.314600,0.888300,0.307200,1.674800,0.069200,0.009300,1.989600,0.006700,-0.009100
1.002600,0.119800,0.694200,1.048700,0.566900,0.578700,0.790500,0.940200,0.687500,0.392900,0.736100,1.000800
1.100700,0.005800,0.573500,0.550800,0.484300,0.364300,0.515100,0.617900,0.424400,0.409800,0.619400,0.492800
0.094000,0.623800,0.396900,0.633400,0.499800,0.659900,1.790100,-0.066200,-0.079300,2.093800,0.002700,-0.004400
0.514300,0.467000,0.695400,0.631300,0.839500,0.598100,1.833600,-0.119500,0.067300,1.927100,0.043200,-0.050200
0.842700,0.227000,1.094300,0.302300,1.294900,0.202200,1.886300,-0.180300,2.044700,-0.047800,0.002900,1.732800
1.063100,0.054300,0.805800,0.927000,0.582600,0.921300,0.733400,1.003300,0.681900,0.732100,0.728700,1.006000
0.378500,0.728200,0.182400,0.726600,0.160500,0.558000,0.143500,0.771400,0.192200,0.505600,0.331700,0.552200
1.096500,0.003900,0.411700,0.492100,0.366400,0.347900,0.443300,0.457200,0.386800,0.308800,0.436300,0.465300
0.518400,0.228300,0.530000,0.688400,0.745600,0.617100,0.613600,0.592800,0.767800,0.613000,0.670500,0.520200
1.079100,0.032900,0.516600,0.744800,0.462600,0.448700,0.580600,0.672000,0.497700,0.390100,0.537800,0.724600
0.628800,0.474800,0.303600,1.429400,0.195600,1.249500,0.352600,1.368400,0.281900,1.080300,0.270400,1.468300
0.203400,0.654300,0.253500,1.109500,0.315200,1.231200,0.238400,1.129500,0.380800,1.179800,0.225400,1.140700
0.132800,0.214400,0.246600,0.291200,0.324400,0.281500,0.158600,0.398200,0.316500,0.300500,0.303800,0.223900
0.065200,0.457500,0.517000,0.290000,0.625700,0.304100,1.700700,0.034100,-0.001700,0.002400,-0.044300,0.052700
1.100400,0.010800,1.541000,0.179100,0.989500,0.836600,1.446100,0.288700,0.936400,0.707600,1.512700,0.211400
0.574800,0.157900,0.910000,0.232600,0.998000,0.314100,0.900700,0.241900,0.972900,0.362800,0.894200,0.251500
0.018700,0.693600,0.152600,0.876400,0.268500,0.877200,-0.024000,1.761100,0.056600,1.933300,0.035200,-0.040000
1.054700,0.057000,0.990600,0.093900,0.884600,-0.082200,1.024500,0.049200,0.741800,0.069300,1.035600,0.038300
1.190800,-0.099600,0.396100,1.285800,0.390500,0.635900,0.442600,1.233500,0.344600,0.661400,0.491200,1.180000
1.101300,0.003700,0.477800,0.057400,0.381700,0.068100,0.337800,0.222800,0.360200,0.088000,0.309700,0.258200
0.112400,0.454900,0.158500,0.736300,0.076800,0.962800,0.101200,0.806900,0.096500,0.952700,0.124500,0.776300
0.358300,0.746000,0.148900,0.668100,0.132700,0.525400,0.170500,0.643400,0.173300,0.464300,0.157000,0.655200
0.148600,0.669200,0.184900,1.112100,0.241700,1.229800,0.313100,0.960600,0.360800,1.105200,0.170700,1.123700
0.223000,0.887900,0.159300,0.712900,0.108900,0.591400,0.129400,0.750100,0.159000,0.518000,0.113200,0.767700
0.451000,0.064300,0.627100,0.202500,0.769900,0.155500,0.721600,0.085400,0.844400,0.085600,0.833200,-0.047500
0.635700,0.454700,0.263700,0.721700,0.217500,0.556300,0.275100,0.712700,0.126100,0.645100,0.246000,0.742600
0.447800,-0.001400,0.650100,0.061100,0.777100,0.025900,0.671700,0.030600,0.762700,0.052500,0.649300,0.057200
-0.001900,0.173200,0.005700,0.488200,0.207600,0.391000,0.008600,1.719800,0.021500,-0.025800,0.067300,-0.082900
1.125400,-0.025200,0.677600,0.179300,0.428700,0.280400,0.600300,0.273700,0.454100,0.237000,0.677500,0.185000
1.095200,0.013500,0.886200,0.847500,0.714400,0.389200,0.974000,0.752900,0.711400,0.357100,0.924800,0.807700
