0.558100,0.057800,0.746200,0.246100,0.836900,0.298300,0.801000,0.183200,0.955000,0.174700,0.879800,0.089600
0.552200,0.096000,0.862300,0.098300,0.978300,0.102800,1.732200,0.001400,0.060400,1.928700,-0.011100,0.014200
0.295100,0.797100,0.209100,0.777500,0.085500,0.699300,0.198700,0.792300,0.059400,0.714400,0.103100,0.904300
0.371100,0.344800,0.669000,0.356400,0.749300,0.408000,1.665500,0.081900,0.045100,1.949600,0.011200,-0.014700
0.298300,0.803600,0.217600,0.915600,0.172200,0.683900,0.184500,0.952200,0.120400,0.722400,0.250300,0.875500
0.093900,1.008900,0.036500,0.694400,0.090800,0.496100,0.072200,0.652100,-0.013000,0.608500,0.063100,0.659700
0.167400,0.389700,0.411100,0.474100,0.615300,0.368800,1.697900,0.031400,-0.055200,2.065200,-0.043200,0.050200
1.151300,-0.051200,0.618300,0.304900,0.662700,0.037900,0.793700,0.094200,0.569800,0.131700,0.838500,0.043900
0.700700,0.373300,0.903100,0.789900,1.038900,0.767100,1.784000,-0.059300,0.025000,1.970800,0.027900,1.699700
0.170300,0.223400,0.267700,0.347700,0.273400,0.432400,0.122200,0.521300,0.233300,0.492600,0.204400,0.421500
0.881300,0.232100,0.463700,0.111700,0.274900,0.227000,0.432800,0.149700,0.322300,0.158900,0.463900,0.113400
0.526800,0.333600,0.699700,0.497600,0.972400,0.315800,1.717100,0.018500,0.010600,1.983800,-0.021300,0.024600
0.429700,0.182500,0.593900,0.379400,0.723300,0.381600,0.673100,0.289300,0.769400,0.343500,0.730800,0.219200
0.984900,0.143300,0.506200,0.220300,0.544100,0.022600,0.569600,0.140400,0.471900,0.099200,0.499700,0.226000
0.053300,0.874800,0.181800,1.072900,0.255300,1.123700,-0.024500,1.760300,-0.003000,2.009000,0.043200,-0.053500
0.466200,0.120900,0.765700,0.139000,0.888600,0.130400,1.694000,0.045300,-0.011700,2.011100,-0.019400,0.021700
-0.042000,0.761000,0.121200,0.906400,0.175300,0.987800,0.053400,1.670300,-0.016600,2.013600,0.066800,-0.079700
0.058900,0.186400,0.317800,0.253500,0.452200,0.234500,0.091900,1.622500,-0.007700,0.009000,-0.076700,0.090700
0.645800,0.464900,0.258900,0.921700,0.332900,0.532300,0.231100,0.954800,0.189900,0.680200,0.326900,0.842000
0.258400,0.838600,0.076200,0.727800,0.107000,0.537800,0.071100,0.738400,0.078700,0.557300,0.048500,0.762900
0.695400,0.267000,1.011800,0.259300,1.137400,0.256100,1.706800,0.033400,2.083900,-0.092700,0.013000,-0.017800
0.886400,0.145700,1.449500,0.161200,1.558100,0.287200,1.467800,0.138300,1.645400,0.212600,1.511700,0.080600
0.074100,0.396700,0.413300,0.364500,0.441300,0.476700,-0.043600,1.781800,0.048300,-0.057600,0.012400,-0.012600
0.862400,0.238900,1.129600,0.538100,1.292500,0.489600,1.810500,-0.093000,2.041200,-0.049800,0.004800,1.730400
0.637900,0.370900,0.913900,0.678500,1.117100,0.682500,0.907400,0.691700,1.152700,0.673900,0.986600,0.595700
0.066700,0.546100,0.437000,0.478900,0.552300,0.483000,1.668600,0.077000,0.012800,1.978700,0.033400,-0.040300
0.619900,0.477900,0.952800,0.746300,0.974100,0.863300,1.677100,0.062000,2.027100,-0.030100,0.015100,1.714700
0.053800,0.411500,0.152800,0.562700,0.058700,0.781400,0.120400,0.602500,0.002900,0.857500,0.082100,0.651100
0.732700,0.319500,0.990800,0.679900,1.154500,0.743700,1.039000,0.620000,1.251800,0.661700,0.942500,0.739500
0.312700,0.793600,0.243000,1.480400,0.133100,1.843300,0.191900,1.538600,0.080900,1.620200,0.230700,1.493000
0.302600,0.488900,0.611400,0.494100,0.688900,0.546400,1.615600,0.136100,0.000500,2.004300,0.032900,-0.039700
1.145800,-0.046700,0.405600,0.566200,0.312300,0.458000,0.363600,0.613400,0.330500,0.413200,0.416700,0.551400
-0.039800,0.651400,0.158800,0.760300,0.267200,0.772400,-0.017800,1.750400,0.018900,1.978200,-0.056200,0.068400
1.034700,0.081900,0.501600,1.232800,0.456200,1.218400,0.468600,1.269500,0.420500,1.132200,0.510400,1.223000
0.495800,0.144300,0.897000,0.084200,0.867900,0.284300,0.725800,0.289800,0.860600,0.307600,0.793400,0.210100
0.048100,1.007400,0.429600,0.930400,0.447800,1.047200,1.756000,-0.033800,-0.074800,2.089300,-0.042500,0.051400
0.352200,0.386800,0.520100,0.637700,0.552200,0.777600,0.507600,0.655300,0.625800,0.710500,0.451500,0.719600
0.641400,0.188600,0.941500,0.203600,0.996600,0.283200,1.774400,-0.050000,2.061900,-0.070500,0.027500,-0.033100
0.164100,0.511600,0.540400,0.442500,0.552100,0.566100,1.699300,0.036100,0.028100,1.964300,0.061300,-0.072800
1.078300,0.034100,0.820100,0.910300,0.693800,1.278200,0.710400,1.039200,0.593200,1.278000,0.736100,1.003500
0.311100,0.375100,0.465100,0.612100,0.636200,0.568100,0.502000,0.563000,0.658000,0.558300,0.505900,0.564600
0.071500,1.045000,0.113300,0.825200,0.042000,0.705700,0.101600,0.842200,0.073600,0.654000,0.078400,0.868000
0.176300,0.528300,0.454700,0.570100,0.642000,0.492800,1.767600,-0.043200,0.035700,1.956900,-0.032700,0.039900
0.468900,0.409200,0.679100,0.702900,0.847200,0.716900,0.637300,0.754000,0.733600,0.876800,0.761100,0.611400
-0.094500,1.214000,-0.076600,1.790700,0.176900,1.628300,-0.017300,1.752100,0.023200,1.976100,-0.083500,1.829900
1.099300,0.006800,0.474500,1.250200,0.363100,0.828400,0.429100,1.304800,0.379900,0.769100,0.504900,1.217200
0.498000,0.510000,0.811100,0.511500,0.870000,0.582600,1.682700,0.055700,0.007700,1.987000,0.035000,-0.041800
0.380700,0.493600,0.554000,0.827200,0.850000,0.675400,0.604200,0.764000,0.719500,0.854200,0.635400,0.727500
0.504400,0.015400,0.812600,-0.002700,0.890600,0.040300,0.796300,0.017800,0.985400,-0.054900,0.724800,0.100000
0.408400,0.693500,0.781300,0.745600,0.858000,0.798100,1.763400,-0.033800,0.031200,1.962900,0.046400,1.680600
