0.126100,0.433800,0.238300,0.633100,0.139300,0.879600,0.078000,0.823300,0.146200,0.887500,0.177100,0.708300
0.309600,0.367000,0.489400,0.567700,0.528700,0.684100,0.419000,0.654400,0.584400,0.637500,0.597300,0.440100
0.105000,1.003300,0.022300,0.588000,0.034300,0.469700,0.124900,0.466500,0.067100,0.422500,0.103000,0.490300
0.313000,0.646500,0.590800,0.692400,0.766400,0.626200,1.717700,0.015000,0.085100,1.904600,-0.016500,0.022100
1.053400,0.062400,0.992000,0.746200,0.654500,0.960600,0.966600,0.774200,0.777100,0.708600,0.987700,0.751200
0.350700,0.468200,0.653500,0.486000,0.748700,0.511900,1.678900,0.059700,-0.058200,2.068200,-0.024100,0.028700
1.028000,0.095100,0.561900,0.452900,0.564800,0.205800,0.650800,0.351000,0.407700,0.374400,0.568600,0.447600
0.560000,0.364000,0.825500,0.630700,0.983100,0.667900,0.884200,0.562600,0.935700,0.748800,0.826600,0.631200
1.039100,0.078600,1.266200,0.474200,0.916100,0.162600,1.197900,0.547000,0.913700,0.126900,1.213700,0.533300
1.131100,-0.029800,1.013700,0.714400,0.803600,0.231700,1.076000,0.649800,0.792700,0.209900,0.965000,0.771300
0.250300,0.537700,0.450800,0.768900,0.604100,0.766500,0.446800,0.772100,0.621100,0.764500,0.444200,0.778900
0.291800,0.271900,0.645900,0.224100,0.737800,0.257400,1.683400,0.062500,0.028600,1.964400,-0.005600,0.006500
1.089100,0.021400,0.415200,0.805300,0.378800,0.518500,0.459700,0.749500,0.357200,0.519200,0.433200,0.782300
0.337100,0.771400,0.710300,0.867800,0.832900,0.865200,1.701600,0.032700,-0.130000,2.157200,-0.082800,1.834700
0.573600,0.538300,0.275000,1.314900,0.267400,0.752100,0.331600,1.253500,0.247400,0.746500,0.283200,1.306000
0.397200,0.107800,0.517800,0.294800,0.592300,0.334400,0.503700,0.312100,0.611800,0.327000,0.542500,0.263300
0.896100,0.023100,1.048800,0.218200,1.305600,0.060300,1.701700,0.033000,2.162900,-0.195400,-0.005500,0.006700
0.051400,1.062500,0.039400,0.411800,-0.009000,0.400100,0.131400,0.303700,0.071300,0.297800,0.071000,0.377800
0.484000,0.209400,0.749100,0.347900,0.919800,0.313400,0.756500,0.336200,0.793400,0.476800,0.699100,0.402000
0.342500,0.169900,0.603900,0.185300,0.560800,0.360600,0.574800,0.218500,0.606200,0.320500,0.480100,0.331300
0.037600,0.711300,0.499200,0.537700,0.604900,0.553000,1.663500,0.082100,-0.018900,2.024100,0.001400,-0.003000
0.416700,0.500700,0.638200,0.798600,0.804600,0.823700,0.740400,0.683100,0.740300,0.923300,0.632100,0.811800
0.147900,0.225100,0.198600,0.396100,0.267400,0.398600,0.134000,0.469000,0.230400,0.453400,0.199900,0.391100
0.076000,0.501000,0.187000,0.701100,0.172800,0.847500,0.230000,0.653600,0.161600,0.873200,0.160300,0.733100
0.042900,0.717000,0.249000,0.830800,0.420800,0.766100,-0.023200,1.762900,0.018600,1.978800,-0.068700,0.081300
1.043200,0.075700,0.336200,0.838700,0.392200,0.472000,0.466300,0.684300,0.313700,0.543500,0.433300,0.724000
0.084100,1.032800,0.439200,1.048400,0.608200,0.993500,1.738900,-0.003800,-0.021000,2.026900,-0.106700,1.858800
1.083700,0.029400,0.667500,0.542100,0.504000,0.399700,0.727100,0.467300,0.606100,0.252600,0.795700,0.386100
0.893400,0.219500,0.439500,0.947500,0.361100,0.607500,0.392400,1.003200,0.348700,0.588600,0.444700,0.943300
0.218800,0.336900,0.366900,0.501000,0.311200,0.696000,0.237500,0.653700,0.334500,0.677700,0.279700,0.603100
0.093900,0.285200,0.150200,0.574400,0.330600,0.497200,0.025000,1.699300,0.029400,-0.035700,-0.056100,0.067500
0.062500,1.036100,-0.031600,0.983500,0.010200,0.733100,-0.052600,1.005500,-0.053600,0.791500,-0.022700,0.975400
0.672600,0.132300,1.144800,0.095900,1.362000,0.038700,1.169700,0.068400,1.369600,0.051100,1.182100,0.053700
0.152900,0.716600,0.476000,0.706600,0.690000,0.594100,1.790100,-0.067100,0.008600,1.987800,-0.004000,0.004600
0.331500,0.215600,0.680200,0.143400,0.682500,0.272000,0.622300,0.209200,0.796100,0.153000,0.585600,0.257300
0.073100,0.465700,0.102200,0.750300,0.055100,0.927700,0.073000,0.785200,0.118000,0.865100,0.121900,0.726000
1.152100,-0.055800,0.719200,1.030300,0.769400,0.480100,0.831800,0.897900,0.665300,0.558200,0.917800,0.794700
0.625700,0.425200,0.874500,0.501700,0.814500,0.710100,1.767800,-0.040600,0.037900,1.954800,-0.036100,1.777500
0.381500,0.333200,0.646200,0.391300,0.705800,0.455700,1.709500,0.025200,-0.061400,2.076500,0.026900,-0.031100
0.116400,0.517000,0.009500,1.017200,0.010900,1.156900,-0.027700,1.060900,-0.002000,1.186900,0.079000,0.935200
0.040500,0.926300,0.343200,0.940800,0.482600,0.916100,-0.016200,1.747900,-0.015300,2.022200,0.062600,-0.074300
1.052400,0.064800,0.522500,0.838700,0.478800,0.471200,0.503800,0.856000,0.383200,0.555000,0.554300,0.798700
0.075600,0.479900,0.106900,0.765400,0.225100,0.744300,0.216200,0.634000,0.173200,0.827300,0.171500,0.687400
0.474100,0.296500,0.750200,0.449900,0.768700,0.615000,0.686200,0.528200,0.835700,0.557300,0.629200,0.591200
-0.024100,0.611900,0.291300,0.593000,0.295900,0.734100,0.069900,1.644200,-0.040700,2.050400,0.095000,-0.114500
1.120600,-0.016400,0.517800,1.212100,0.392600,1.017600,0.505200,1.224700,0.300700,1.063800,0.473400,1.256600
0.198800,0.449900,0.227700,0.800600,0.280500,0.885200,0.223800,0.806900,0.291500,0.889500,0.260500,0.760400
0.444200,0.298900,0.637000,0.543600,0.821500,0.500300,0.784100,0.364700,0.779400,0.573000,0.699700,0.465300
0.730500,0.118900,1.062600,0.101300,1.138500,0.148600,1.763100,-0.041600,2.073100,-0.087200,-0.043900,0.053000
-0.024800,0.807900,0.351400,0.723700,0.460300,0.738600,0.085700,1.632300,0.062400,1.922700,-0.026000,0.031200
