0.439500,0.467900,0.896200,0.294300,0.970100,0.351600,1.817900,-0.096500,0.027300,1.960900,0.002100,-0.001700
0.845100,0.253700,1.175900,0.315800,1.157700,0.483300,1.690800,0.050600,1.869400,0.153400,-0.087000,1.834000
0.231900,0.592700,0.302200,1.001700,0.399100,1.072700,0.405500,0.879500,0.450400,1.036000,0.311200,0.983900
0.420800,0.674000,0.165100,0.759200,0.181000,0.544800,0.170700,0.755400,0.163500,0.549200,0.259800,0.645500
1.093200,0.017000,0.992000,0.213100,0.842800,0.043100,1.037400,0.159300,0.835300,0.024000,1.127100,0.059300
-0.086100,1.207600,0.340700,1.090100,0.537300,0.998100,-0.035300,1.776400,-0.001200,2.001700,0.025300,1.701800
0.424000,0.490000,0.723200,0.501400,0.859100,0.483800,1.772600,-0.048700,0.042400,1.954800,-0.017800,0.021000
1.103600,-0.000900,0.559600,1.163800,0.428100,0.992700,0.555400,1.170500,0.444900,0.910700,0.576600,1.139700
-0.015600,0.419600,0.046500,0.576400,0.060000,0.646000,0.030500,0.593500,0.045700,0.674100,-0.032800,0.669900
0.315300,0.431000,0.627700,0.514000,0.622200,0.697400,0.601600,0.546900,0.729000,0.590400,0.569100,0.583500
1.140600,-0.037600,0.559200,1.172900,0.398900,0.818800,0.617600,1.108100,0.403700,0.771700,0.558000,1.172800
0.231100,0.872800,0.175600,0.530900,0.136000,0.446400,0.148100,0.565000,0.060900,0.521500,0.123100,0.594400
1.151900,-0.054200,0.633800,0.394000,0.454200,0.352700,0.590500,0.452200,0.581400,0.183500,0.603500,0.432000
0.439900,0.358100,0.836500,0.388500,0.907900,0.492300,0.772500,0.457300,0.792900,0.650700,0.788200,0.443400
0.120600,0.517700,0.295700,0.681500,0.274200,0.848500,0.206400,0.786500,0.321300,0.810400,0.237400,0.750000
1.103300,0.003900,0.828500,0.383200,0.664900,0.224600,0.696300,0.540200,0.593500,0.288600,0.766700,0.449400
0.236900,0.661100,0.528800,0.683400,0.655700,0.672600,1.709300,0.025700,-0.032300,2.038300,-0.070100,0.086800
1.116000,-0.014900,1.075900,0.628100,0.651800,0.917900,0.900200,0.835600,0.632500,0.844200,0.874800,0.859500
0.291400,0.820300,0.138400,0.987700,0.153100,0.696800,0.209300,0.910200,0.210000,0.608400,0.168400,0.953800
0.091600,1.036900,0.175500,0.617900,0.083300,0.572300,0.134000,0.670900,0.054800,0.591400,0.062900,0.753300
0.447500,0.668100,0.321900,0.593700,0.214400,0.521900,0.277500,0.647000,0.179500,0.544000,0.265000,0.664500
1.087900,0.017800,0.584900,0.090800,0.440000,0.129500,0.579500,0.101400,0.497800,0.047300,0.649300,0.022200
-0.009200,0.661600,0.050800,0.911700,0.176700,0.907500,0.020000,1.709800,-0.063400,2.076700,-0.020200,0.024500
0.314500,0.781800,0.124100,0.597600,0.123000,0.467700,0.122000,0.606000,0.164900,0.405800,0.076900,0.654600
0.425600,0.027800,0.681600,0.022200,0.752200,0.056300,0.671700,0.033900,0.899700,-0.107500,0.693300,0.009500
0.055500,0.727400,0.361700,0.732600,0.560200,0.638200,1.931200,-0.233300,0.007000,1.992700,-0.071100,0.082800
0.007800,0.461500,0.118100,0.659000,0.258700,0.635200,-0.019100,1.749100,0.109800,-0.131500,0.040700,-0.048500
0.886400,0.001600,1.375200,0.020200,1.571500,0.010500,1.415500,-0.031900,1.655200,-0.061900,1.409500,-0.027200
0.058400,0.527900,0.082400,0.838900,0.085800,0.965200,0.079900,0.836400,0.016400,1.055800,0.132000,0.780400
1.063300,0.049700,0.632800,1.103200,0.461200,1.008900,0.712300,1.013200,0.523100,0.861200,0.770600,0.937700
0.579300,0.525600,0.227500,0.628300,0.235000,0.441400,0.303800,0.531600,0.240400,0.418300,0.299100,0.535600
0.200600,0.345400,0.398600,0.446900,0.341700,0.638700,0.280800,0.579300,0.439200,0.537400,0.342400,0.509600
0.537400,0.380500,0.883000,0.544400,1.049100,0.577100,0.903600,0.523400,1.049500,0.596400,0.932400,0.488100
0.054600,0.431700,0.022600,0.802600,0.222800,0.707700,0.013700,1.717800,-0.056400,0.065400,-0.009100,0.010700
0.484300,0.610200,0.282700,1.441700,0.217600,0.885600,0.321600,1.399100,0.086000,1.002300,0.246600,1.485100
0.333400,0.546800,0.607200,0.754900,0.629400,0.932200,0.585000,0.785900,0.632400,0.956800,0.602600,0.761600
0.341000,0.430700,0.720600,0.352400,0.794900,0.406900,1.602900,0.153900,-0.145900,2.171600,0.010000,-0.012500
0.001500,1.039600,-0.062700,1.707800,-0.014000,1.880800,0.064700,1.564000,0.157200,1.698000,0.015400,1.620800
-0.058600,0.070000,0.246900,0.056400,0.265500,0.174800,-0.004000,0.005900,0.027300,-0.031500,0.005900,-0.007100
1.106900,-0.001500,1.787100,-0.072300,1.038900,0.708600,1.672800,0.070100,1.008300,0.590100,1.740500,-0.018800
0.889600,0.220700,0.257800,1.349300,0.216900,0.821600,0.412300,1.165400,0.379700,0.594800,0.436500,1.129600
1.126600,-0.025600,0.521500,1.210700,0.466900,0.668500,0.557100,1.170500,0.467600,0.630800,0.494800,1.244900
0.588300,0.444400,0.944200,0.674200,1.223800,0.590700,1.045900,0.554100,1.129100,0.724600,1.068700,0.527100
0.730300,0.372000,0.349000,0.610000,0.278800,0.475600,0.277100,0.696300,0.309000,0.424100,0.283700,0.686300
0.514400,0.007100,0.731000,0.116600,0.843800,0.129200,1.745400,-0.020400,0.052400,-0.062200,0.000200,-0.001200
0.425400,0.364300,0.703400,0.525300,0.694300,0.725300,0.813400,0.400100,0.793200,0.634400,0.757800,0.462500
0.509300,0.603800,0.287400,0.816200,0.226700,0.618100,0.264600,0.849000,0.336500,0.464800,0.281500,0.825400
0.440900,-0.018200,0.619000,0.059300,0.568900,0.228600,0.471700,0.231100,0.597400,0.205600,0.484900,0.219200
0.079000,0.526700,0.086900,0.869700,0.167100,0.911500,0.058800,0.903500,0.068700,1.042700,0.080800,0.878900
1.124800,-0.025900,0.491600,1.229300,0.393200,0.946200,0.527100,1.185500,0.421100,0.859100,0.514200,1.206400
