1.130800000000000027e+00,-2.860000000000000042e-02,1.000499999999999945e+00,7.387000000000000233e-01,8.389999999999999680e-01,1.874000000000000110e-01,1.084799999999999986e+00,6.373999999999999666e-01,8.534000000000000474e-01,1.373000000000000054e-01,1.042200000000000015e+00,6.835999999999999854e-01
3.333999999999999742e-01,5.467999999999999527e-01,6.071999999999999620e-01,7.549000000000000155e-01,6.293999999999999595e-01,9.322000000000000286e-01,5.849999999999999645e-01,7.859000000000000430e-01,6.323999999999999622e-01,9.567999999999999838e-01,6.026000000000000245e-01,7.616000000000000547e-01
1.328000000000000014e-01,2.144000000000000072e-01,2.466000000000000136e-01,2.912000000000000144e-01,3.244000000000000217e-01,2.814999999999999725e-01,1.585999999999999910e-01,3.981999999999999984e-01,3.165000000000000036e-01,3.004999999999999893e-01,3.038000000000000145e-01,2.238999999999999879e-01
1.116000000000000103e+00,-1.490000000000000005e-02,1.075900000000000079e+00,6.280999999999999917e-01,6.518000000000000460e-01,9.179000000000000492e-01,9.002000000000000002e-01,8.356000000000000094e-01,6.324999999999999512e-01,8.441999999999999504e-01,8.748000000000000220e-01,8.595000000000000417e-01
4.297000000000000264e-01,1.824999999999999956e-01,5.938999999999999835e-01,3.794000000000000150e-01,7.233000000000000540e-01,3.815999999999999948e-01,6.731000000000000316e-01,2.893000000000000016e-01,7.693999999999999728e-01,3.435000000000000275e-01,7.308000000000000052e-01,2.192000000000000060e-01
4.114999999999999769e-01,3.150000000000000022e-01,6.250999999999999890e-01,5.168000000000000371e-01,6.864000000000000101e-01,6.216000000000000414e-01,6.157000000000000250e-01,5.282999999999999918e-01,5.501000000000000334e-01,8.034999999999999920e-01,5.847999999999999865e-01,5.659999999999999476e-01
1.988000000000000045e-01,4.499000000000000221e-01,2.277000000000000135e-01,8.005999999999999783e-01,2.805000000000000271e-01,8.851999999999999869e-01,2.237999999999999989e-01,8.068999999999999506e-01,2.914999999999999813e-01,8.894999999999999574e-01,2.605000000000000093e-01,7.603999999999999648e-01
4.239999999999999880e-01,4.899999999999999911e-01,7.231999999999999540e-01,5.013999999999999568e-01,8.590999999999999748e-01,4.838000000000000078e-01,1.772599999999999953e+00,-4.870000000000000023e-02,4.240000000000000019e-02,1.954800000000000093e+00,-1.779999999999999985e-02,2.100000000000000130e-02
1.260999999999999899e-01,4.338000000000000189e-01,2.383000000000000118e-01,6.330999999999999961e-01,1.393000000000000071e-01,8.796000000000000485e-01,7.799999999999999989e-02,8.233000000000000318e-01,1.461999999999999966e-01,8.874999999999999556e-01,1.771000000000000074e-01,7.083000000000000407e-01
-2.179999999999999993e-02,8.298999999999999710e-01,1.598999999999999866e-01,9.648999999999999799e-01,3.780000000000000027e-01,8.483000000000000540e-01,2.179999999999999993e-02,1.707200000000000051e+00,-4.569999999999999757e-02,2.054800000000000182e+00,-1.020000000000000073e-02,1.239999999999999956e-02
9.400000000000000022e-02,6.238000000000000211e-01,3.968999999999999750e-01,6.333999999999999631e-01,4.998000000000000220e-01,6.599000000000000421e-01,1.790100000000000025e+00,-6.619999999999999496e-02,-7.929999999999999549e-02,2.093799999999999883e+00,2.700000000000000143e-03,-4.400000000000000265e-03
2.318999999999999950e-01,5.927000000000000046e-01,3.022000000000000242e-01,1.001700000000000035e+00,3.991000000000000103e-01,1.072699999999999987e+00,4.055000000000000271e-01,8.794999999999999485e-01,4.504000000000000226e-01,1.036000000000000032e+00,3.111999999999999766e-01,9.838999999999999968e-01
1.078300000000000036e+00,3.409999999999999837e-02,8.201000000000000512e-01,9.102999999999999980e-01,6.937999999999999723e-01,1.278200000000000003e+00,7.104000000000000314e-01,1.039199999999999902e+00,5.931999999999999496e-01,1.278000000000000025e+00,7.360999999999999766e-01,1.003500000000000059e+00
1.052400000000000002e+00,6.479999999999999649e-02,5.224999999999999645e-01,8.387000000000000011e-01,4.788000000000000034e-01,4.712000000000000077e-01,5.038000000000000256e-01,8.559999999999999831e-01,3.831999999999999851e-01,5.550000000000000488e-01,5.543000000000000149e-01,7.986999999999999655e-01
5.550000000000000072e-02,7.274000000000000465e-01,3.617000000000000215e-01,7.326000000000000290e-01,5.602000000000000313e-01,6.381999999999999895e-01,1.931200000000000028e+00,-2.333000000000000074e-01,7.000000000000000146e-03,1.992699999999999916e+00,-7.109999999999999654e-02,8.279999999999999860e-02
1.089099999999999957e+00,2.139999999999999888e-02,4.152000000000000135e-01,8.053000000000000158e-01,3.788000000000000256e-01,5.184999999999999609e-01,4.596999999999999975e-01,7.495000000000000551e-01,3.572000000000000175e-01,5.191999999999999948e-01,4.331999999999999740e-01,7.822999999999999954e-01
4.741000000000000214e-01,2.964999999999999858e-01,7.501999999999999780e-01,4.499000000000000221e-01,7.687000000000000499e-01,6.149999999999999911e-01,6.862000000000000322e-01,5.282000000000000028e-01,8.356999999999999984e-01,5.573000000000000176e-01,6.291999999999999815e-01,5.911999999999999478e-01
2.983000000000000096e-01,8.035999999999999810e-01,2.175999999999999879e-01,9.155999999999999694e-01,1.721999999999999920e-01,6.838999999999999524e-01,1.844999999999999973e-01,9.522000000000000464e-01,1.203999999999999931e-01,7.224000000000000421e-01,2.503000000000000225e-01,8.754999999999999449e-01
1.110100000000000087e+00,-6.899999999999999883e-03,5.430000000000000382e-01,7.135000000000000231e-01,3.812999999999999723e-01,5.501000000000000334e-01,4.774999999999999800e-01,7.901000000000000245e-01,4.455000000000000071e-01,4.476999999999999869e-01,5.518999999999999462e-01,7.022000000000000464e-01
4.174999999999999822e-01,6.919999999999999485e-01,7.237999999999999989e-01,8.324000000000000288e-01,8.213000000000000300e-01,8.528000000000000025e-01,1.684099999999999930e+00,5.680000000000000326e-02,9.100000000000000450e-03,1.987300000000000066e+00,-1.149999999999999981e-02,1.749900000000000011e+00
1.090700000000000003e+00,1.510000000000000057e-02,4.531999999999999917e-01,8.947000000000000508e-01,3.829000000000000181e-01,5.779999999999999583e-01,4.568999999999999728e-01,8.885999999999999455e-01,3.970000000000000195e-01,5.348000000000000531e-01,5.703000000000000291e-01,7.580999999999999961e-01
5.397999999999999465e-01,3.048000000000000154e-01,8.779000000000000137e-01,4.404000000000000137e-01,1.011700000000000044e+00,4.853999999999999981e-01,8.145999999999999908e-01,5.131000000000000005e-01,9.717999999999999972e-01,5.538999999999999480e-01,8.770999999999999908e-01,4.339999999999999969e-01
7.782999999999999918e-01,4.700000000000000185e-03,1.048699999999999966e+00,2.046999999999999931e-01,1.169699999999999962e+00,2.626999999999999891e-01,1.024000000000000021e+00,2.338000000000000078e-01,1.229200000000000070e+00,2.134999999999999953e-01,1.067299999999999915e+00,1.827000000000000013e-01
1.084500000000000020e+00,2.560000000000000123e-02,1.255700000000000038e+00,4.652999999999999914e-01,9.001000000000000112e-01,1.065199999999999925e+00,1.240199999999999969e+00,4.783000000000000029e-01,9.772999999999999465e-01,7.540999999999999925e-01,1.280699999999999950e+00,4.358000000000000207e-01
-4.950000000000000233e-02,5.970000000000000306e-02,5.990000000000000185e-02,1.809000000000000052e-01,1.119999999999999989e-02,3.659999999999999920e-01,1.340000000000000045e-02,-1.290000000000000001e-02,7.630000000000000671e-02,-9.199999999999999845e-02,5.319999999999999729e-02,-6.370000000000000662e-02
-7.639999999999999569e-02,1.198800000000000088e+00,3.246999999999999886e-01,1.191999999999999948e+00,3.850000000000000089e-01,1.257300000000000084e+00,-8.279999999999999860e-02,1.832100000000000062e+00,4.499999999999999660e-03,1.991200000000000081e+00,-1.990000000000000102e-02,1.757700000000000040e+00
3.311999999999999944e-01,4.549000000000000266e-01,4.087999999999999967e-01,8.564000000000000501e-01,4.990999999999999881e-01,9.236999999999999655e-01,3.774000000000000132e-01,8.868000000000000327e-01,4.258000000000000118e-01,1.034299999999999997e+00,4.400000000000000022e-01,8.126999999999999780e-01
4.158999999999999919e-01,3.145000000000000018e-01,5.516999999999999682e-01,6.108000000000000096e-01,6.129000000000000004e-01,7.096999999999999975e-01,5.830999999999999517e-01,5.750999999999999446e-01,5.852000000000000535e-01,7.685999999999999499e-01,6.009999999999999787e-01,5.550000000000000488e-01
3.511000000000000232e-01,8.329999999999999905e-02,6.242999999999999661e-01,4.320000000000000229e-02,6.949999999999999512e-01,7.220000000000000029e-02,6.272999999999999687e-01,3.880000000000000115e-02,8.073000000000000176e-01,-5.249999999999999806e-02,6.865999999999999881e-01,-2.929999999999999966e-02
4.506999999999999895e-01,5.849999999999999645e-01,7.611999999999999877e-01,8.484000000000000430e-01,8.878000000000000336e-01,9.468999999999999639e-01,7.216000000000000192e-01,8.978000000000000425e-01,7.942000000000000171e-01,1.079399999999999915e+00,7.377000000000000224e-01,8.772999999999999687e-01
1.156099999999999905e+00,-6.180000000000000077e-02,4.096000000000000196e-01,1.040000000000000036e+00,4.178999999999999937e-01,5.647999999999999687e-01,4.842000000000000193e-01,9.479999999999999538e-01,3.375000000000000222e-01,6.272999999999999687e-01,3.995000000000000218e-01,1.051099999999999923e+00
4.072000000000000064e-01,3.659000000000000030e-01,5.084999999999999520e-01,7.296000000000000263e-01,5.936000000000000165e-01,8.116999999999999771e-01,6.028000000000000025e-01,6.189000000000000057e-01,5.597999999999999643e-01,8.764999999999999458e-01,6.076000000000000290e-01,6.148000000000000131e-01
9.807000000000000162e-01,1.179000000000000048e-01,4.309000000000000052e-01,2.823999999999999844e-01,3.116999999999999771e-01,2.822999999999999954e-01,4.381999999999999784e-01,2.777000000000000024e-01,3.245999999999999996e-01,2.548000000000000265e-01,4.179999999999999827e-01,3.002000000000000224e-01
3.315000000000000169e-01,5.409000000000000474e-01,6.586999999999999522e-01,5.250000000000000222e-01,6.878999999999999559e-01,6.287000000000000366e-01,1.730299999999999949e+00,0.000000000000000000e+00,8.930000000000000437e-02,1.898600000000000065e+00,4.909999999999999781e-02,-5.990000000000000185e-02
4.199999999999999740e-03,7.406000000000000361e-01,4.618999999999999773e-01,5.686999999999999833e-01,5.006000000000000449e-01,6.651000000000000245e-01,1.647100000000000009e+00,9.629999999999999671e-02,-8.379999999999999949e-02,2.093599999999999905e+00,1.679999999999999896e-02,-2.179999999999999993e-02
6.435999999999999499e-01,2.330000000000000127e-02,1.018999999999999906e+00,-4.769999999999999934e-02,9.991999999999999771e-01,1.174000000000000044e-01,1.605599999999999916e+00,1.474000000000000032e-01,2.067800000000000082e+00,-8.150000000000000300e-02,5.890000000000000097e-02,-6.990000000000000380e-02
2.862999999999999989e-01,2.396999999999999964e-01,3.017000000000000237e-01,5.512000000000000233e-01,4.117999999999999994e-01,5.413999999999999924e-01,4.823000000000000065e-01,3.335000000000000187e-01,2.983999999999999986e-01,6.917999999999999705e-01,4.641000000000000125e-01,3.558000000000000052e-01
1.117099999999999982e+00,-8.600000000000000006e-03,7.301999999999999602e-01,3.615999999999999770e-01,6.129999999999999893e-01,2.139000000000000068e-01,6.645999999999999686e-01,4.410000000000000031e-01,6.112999999999999545e-01,1.986999999999999877e-01,7.062000000000000499e-01,3.899000000000000243e-01
1.026999999999999996e-01,1.016100000000000003e+00,1.555999999999999883e-01,1.566699999999999982e+00,1.183000000000000024e-01,9.786000000000000254e-01,1.365000000000000102e-01,1.589499999999999913e+00,1.132999999999999979e-01,9.558999999999999719e-01,1.247999999999999943e-01,1.605399999999999938e+00
-6.869999999999999718e-02,1.177000000000000046e+00,3.069999999999999951e-01,1.094200000000000061e+00,3.065999999999999837e-01,1.239500000000000046e+00,8.419999999999999707e-02,1.636600000000000055e+00,-2.099999999999999870e-03,1.999800000000000022e+00,-3.139999999999999736e-02,1.768699999999999939e+00
2.249999999999999917e-02,4.186000000000000276e-01,2.249999999999999917e-02,2.157999999999999918e-01,4.479999999999999954e-02,1.555999999999999883e-01,6.029999999999999943e-02,1.743999999999999995e-01,6.029999999999999943e-02,1.388999999999999957e-01,-2.939999999999999905e-02,2.824999999999999734e-01
1.855999999999999872e-01,3.467000000000000082e-01,6.819999999999999674e-02,2.194000000000000117e-01,4.479999999999999954e-02,2.058999999999999997e-01,9.489999999999999825e-02,1.882000000000000062e-01,3.839999999999999664e-02,2.094999999999999918e-01,5.269999999999999685e-02,2.388000000000000123e-01
7.906999999999999584e-01,2.081000000000000072e-01,1.288000000000000034e+00,2.726999999999999980e-01,1.441699999999999982e+00,3.341999999999999971e-01,1.260199999999999987e+00,3.045999999999999819e-01,1.501900000000000013e+00,2.953000000000000069e-01,1.235200000000000076e+00,3.336999999999999966e-01
3.907999999999999807e-01,4.842000000000000193e-01,5.148000000000000353e-01,8.738000000000000211e-01,6.925000000000000044e-01,8.680999999999999828e-01,5.985000000000000320e-01,7.700000000000000178e-01,5.324999999999999734e-01,1.078999999999999959e+00,6.068999999999999950e-01,7.553999999999999604e-01
1.038399999999999990e+00,8.240000000000000102e-02,1.578400000000000025e+00,1.819000000000000061e-01,1.242099999999999982e+00,5.329000000000000403e-01,1.780599999999999961e+00,-5.680000000000000326e-02,1.239700000000000024e+00,3.689999999999999947e-01,1.656900000000000039e+00,8.240000000000000102e-02
2.800000000000000058e-02,4.748999999999999888e-01,3.081999999999999740e-01,5.164999999999999591e-01,4.994999999999999996e-01,4.292000000000000259e-01,-6.679999999999999827e-02,1.809500000000000108e+00,-5.310000000000000137e-02,6.339999999999999802e-02,7.019999999999999851e-02,-8.250000000000000389e-02
6.479999999999999649e-02,5.514000000000000012e-01,3.729999999999999982e-02,9.392000000000000348e-01,1.504999999999999949e-01,9.401000000000000467e-01,2.350000000000000006e-02,9.564000000000000279e-01,1.423999999999999988e-01,9.696000000000000174e-01,3.139999999999999736e-02,9.441000000000000503e-01
1.174900000000000055e+00,-7.820000000000000562e-02,5.318000000000000504e-01,1.208199999999999941e+00,4.089999999999999747e-01,8.032000000000000250e-01,6.120999999999999774e-01,1.106000000000000094e+00,4.823999999999999955e-01,6.766999999999999682e-01,5.082999999999999741e-01,1.233999999999999986e+00
1.112500000000000044e+00,-1.899999999999999996e-03,7.953000000000000069e-01,4.182000000000000162e-01,5.772000000000000464e-01,3.316999999999999948e-01,8.666000000000000369e-01,3.376000000000000112e-01,6.822000000000000286e-01,1.837000000000000022e-01,7.593999999999999639e-01,4.606999999999999984e-01
-1.890000000000000013e-02,9.049000000000000377e-01,2.732999999999999874e-01,9.240000000000000435e-01,4.053999999999999826e-01,9.116999999999999549e-01,-1.629999999999999852e-02,1.749400000000000066e+00,8.600000000000000006e-03,1.989800000000000013e+00,1.650000000000000078e-02,-1.969999999999999876e-02
3.249000000000000221e-01,2.343999999999999972e-01,5.291000000000000147e-01,3.439999999999999725e-01,5.390000000000000346e-01,4.643999999999999795e-01,6.531000000000000139e-01,1.940999999999999948e-01,5.935000000000000275e-01,4.141000000000000236e-01,5.111999999999999877e-01,3.632000000000000228e-01
3.185999999999999943e-01,6.189000000000000057e-01,7.352999999999999536e-01,5.008000000000000229e-01,7.806999999999999496e-01,5.874000000000000332e-01,1.759200000000000097e+00,-3.670000000000000345e-02,1.700000000000000122e-02,1.983200000000000074e+00,-3.570000000000000256e-02,4.159999999999999809e-02
7.917999999999999483e-01,3.076999999999999735e-01,5.133999999999999675e-01,9.919000000000000039e-01,2.700000000000000178e-01,7.472999999999999643e-01,4.521000000000000019e-01,1.058100000000000041e+00,2.535000000000000031e-01,7.351999999999999647e-01,4.208000000000000074e-01,1.096100000000000074e+00
5.960000000000000020e-02,7.629000000000000226e-01,3.239000000000000212e-01,8.181000000000000494e-01,4.259000000000000008e-01,8.439999999999999725e-01,1.670199999999999907e+00,7.190000000000000557e-02,-2.630000000000000046e-02,2.035400000000000098e+00,9.080000000000000571e-02,-1.084999999999999992e-01
1.049800000000000066e+00,6.410000000000000420e-02,5.918999999999999817e-01,2.174000000000000099e-01,3.978999999999999759e-01,2.717999999999999861e-01,4.788000000000000034e-01,3.486000000000000210e-01,4.118999999999999884e-01,2.361000000000000043e-01,5.072999999999999732e-01,3.169000000000000150e-01
6.266000000000000458e-01,4.868999999999999995e-01,8.659000000000000030e-01,8.900000000000000133e-01,1.030200000000000005e+00,9.553000000000000380e-01,1.955699999999999994e+00,-2.582999999999999741e-01,1.954299999999999926e+00,5.249999999999999806e-02,1.870000000000000134e-02,1.709699999999999998e+00
2.923000000000000043e-01,5.578999999999999515e-01,3.704000000000000070e-01,9.828999999999999959e-01,3.558000000000000052e-01,1.191799999999999971e+00,3.351000000000000090e-01,1.025099999999999900e+00,3.175999999999999934e-01,1.266499999999999959e+00,3.618999999999999995e-01,9.876000000000000334e-01
1.048000000000000043e+00,6.759999999999999343e-02,7.788000000000000478e-01,9.475000000000000089e-01,6.592000000000000082e-01,1.156800000000000050e+00,7.752000000000000002e-01,9.544000000000000261e-01,6.584999999999999742e-01,9.674000000000000377e-01,7.534999999999999476e-01,9.787000000000000144e-01
1.002699999999999925e+00,1.252000000000000057e-01,6.166000000000000369e-01,4.813999999999999946e-01,4.798000000000000043e-01,3.617000000000000215e-01,7.087999999999999856e-01,3.755000000000000004e-01,5.635999999999999899e-01,2.376999999999999946e-01,6.239000000000000101e-01,4.772000000000000131e-01
5.363999999999999879e-01,5.696999999999999842e-01,2.753999999999999782e-01,1.459899999999999975e+00,2.340000000000000135e-01,9.769999999999999796e-01,2.479999999999999982e-01,1.489200000000000079e+00,3.099000000000000088e-01,8.484000000000000430e-01,2.988999999999999990e-01,1.428299999999999903e+00
1.545999999999999874e-01,4.171000000000000263e-01,2.119000000000000050e-01,6.867999999999999661e-01,2.016999999999999904e-01,8.355000000000000204e-01,3.119999999999999996e-01,5.704000000000000181e-01,2.864999999999999769e-01,7.472999999999999643e-01,2.101000000000000090e-01,6.932000000000000384e-01
9.213000000000000078e-01,1.829999999999999960e-01,1.271099999999999897e+00,2.182000000000000051e-01,1.435999999999999943e+00,1.685000000000000109e-01,1.739100000000000090e+00,-6.499999999999999702e-03,2.118199999999999861e+00,-1.381999999999999895e-01,2.510000000000000078e-02,1.703799999999999981e+00
4.522999999999999798e-01,6.470000000000000195e-01,2.412999999999999867e-01,1.312200000000000033e+00,1.894000000000000128e-01,8.252000000000000446e-01,1.802999999999999881e-01,1.379299999999999971e+00,1.960999999999999965e-01,7.919000000000000483e-01,1.998000000000000054e-01,1.361799999999999899e+00
1.021700000000000053e+00,9.879999999999999893e-02,4.318000000000000171e-01,4.948000000000000176e-01,3.271000000000000019e-01,4.096000000000000196e-01,4.788000000000000034e-01,4.344000000000000083e-01,3.361000000000000099e-01,3.875000000000000111e-01,4.107000000000000095e-01,5.174999999999999600e-01
1.143399999999999972e+00,-4.700000000000000011e-02,6.393999999999999684e-01,1.084000000000000075e+00,5.071999999999999842e-01,8.218999999999999639e-01,7.274000000000000465e-01,9.769999999999999796e-01,4.117000000000000104e-01,8.791999999999999815e-01,6.132999999999999563e-01,1.115599999999999925e+00
8.590000000000000413e-02,5.092999999999999750e-01,1.093999999999999972e-01,8.284000000000000252e-01,1.887999999999999956e-01,8.671999999999999709e-01,2.008999999999999952e-01,7.241999999999999549e-01,3.170999999999999930e-01,7.290999999999999703e-01,2.109000000000000041e-01,7.077999999999999847e-01
5.584999999999999964e-01,4.103999999999999870e-01,9.091000000000000192e-01,6.039999999999999813e-01,9.647999999999999909e-01,7.640000000000000124e-01,8.639000000000000012e-01,6.560000000000000275e-01,9.755000000000000338e-01,7.808000000000000496e-01,9.222000000000000197e-01,5.776000000000000023e-01
-2.900000000000000147e-02,6.099999999999999867e-01,1.768000000000000127e-01,7.116999999999999993e-01,2.571999999999999842e-01,7.548000000000000265e-01,-4.299999999999999656e-02,1.783800000000000052e+00,-1.134000000000000008e-01,2.130999999999999783e+00,2.779999999999999832e-02,-3.579999999999999849e-02
6.242999999999999661e-01,3.135999999999999899e-01,9.404000000000000137e-01,5.338000000000000522e-01,1.054799999999999960e+00,6.177000000000000268e-01,1.002999999999999892e+00,4.582999999999999852e-01,1.125699999999999923e+00,5.655000000000000027e-01,8.917000000000000481e-01,5.895000000000000240e-01
9.120000000000000329e-02,4.763000000000000012e-01,8.260000000000000675e-02,8.195000000000000062e-01,1.323000000000000009e-01,8.828000000000000291e-01,1.208000000000000046e-01,7.711000000000000076e-01,1.502000000000000002e-01,8.749000000000000110e-01,8.229999999999999816e-02,8.164000000000000146e-01
1.116200000000000081e+00,-1.299999999999999940e-02,5.205999999999999517e-01,2.610000000000000167e-02,4.651000000000000134e-01,-1.629999999999999852e-02,5.007000000000000339e-01,4.660000000000000253e-02,4.345999999999999863e-01,1.190000000000000085e-02,4.827000000000000179e-01,6.850000000000000533e-02
4.137000000000000122e-01,2.892000000000000126e-01,4.492999999999999772e-01,6.975999999999999979e-01,7.307000000000000162e-01,5.271000000000000130e-01,5.331000000000000183e-01,5.939999999999999725e-01,5.687999999999999723e-01,7.421999999999999709e-01,5.594999999999999973e-01,5.604999999999999982e-01
3.235000000000000098e-01,4.007999999999999896e-01,6.078000000000000069e-01,4.450000000000000067e-01,7.642999999999999794e-01,3.983999999999999764e-01,1.743500000000000050e+00,-1.239999999999999956e-02,7.710000000000000187e-02,1.904800000000000049e+00,-4.669999999999999846e-02,5.659999999999999754e-02
3.524999999999999800e-01,3.345000000000000195e-01,5.116000000000000547e-01,5.722000000000000419e-01,5.639999999999999458e-01,6.692000000000000171e-01,4.808000000000000052e-01,6.056000000000000272e-01,5.901999999999999469e-01,6.561000000000000165e-01,5.130000000000000115e-01,5.635000000000000009e-01
5.190000000000000169e-01,5.924000000000000377e-01,8.648000000000000131e-01,7.440999999999999837e-01,1.038200000000000012e+00,6.802000000000000268e-01,1.758000000000000007e+00,-3.610000000000000014e-02,1.986399999999999944e+00,1.069999999999999944e-02,-4.070000000000000007e-02,1.777700000000000058e+00
5.610000000000000542e-01,1.063000000000000056e-01,7.032000000000000473e-01,3.773000000000000242e-01,7.403999999999999471e-01,4.993000000000000216e-01,7.262999999999999456e-01,3.492999999999999994e-01,8.451999999999999513e-01,3.924000000000000266e-01,6.268000000000000238e-01,4.697999999999999954e-01
3.749000000000000110e-01,3.477999999999999980e-01,6.613999999999999879e-01,3.763000000000000234e-01,8.617000000000000215e-01,2.873999999999999888e-01,1.680900000000000061e+00,6.079999999999999988e-02,5.109999999999999959e-02,1.937899999999999956e+00,-4.429999999999999910e-02,5.129999999999999838e-02
1.061500000000000110e+00,5.179999999999999882e-02,7.157999999999999918e-01,1.021300000000000097e+00,6.572999999999999954e-01,4.111000000000000210e-01,7.007999999999999785e-01,1.036399999999999988e+00,5.019000000000000128e-01,5.624000000000000110e-01,7.262999999999999456e-01,1.009700000000000042e+00
1.754999999999999893e-01,3.300000000000000155e-01,3.664000000000000035e-01,4.087999999999999967e-01,3.820000000000000062e-01,5.114999999999999547e-01,3.902999999999999803e-01,3.835999999999999965e-01,4.519000000000000239e-01,4.405000000000000027e-01,2.868999999999999884e-01,5.086000000000000520e-01
7.479999999999999982e-01,2.722999999999999865e-01,1.088899999999999979e+00,5.233999999999999764e-01,1.335700000000000109e+00,4.807000000000000162e-01,1.197500000000000009e+00,3.953999999999999737e-01,1.335599999999999898e+00,5.134999999999999565e-01,1.092100000000000071e+00,5.161999999999999922e-01
1.220000000000000077e-02,4.462999999999999745e-01,3.816999999999999837e-01,3.751999999999999780e-01,4.660000000000000253e-01,4.161000000000000254e-01,-3.899999999999999994e-02,1.775400000000000089e+00,2.450000000000000094e-02,-2.800000000000000058e-02,-2.000000000000000042e-02,2.500000000000000139e-02
2.952000000000000179e-01,3.010999999999999788e-01,3.906999999999999917e-01,5.610000000000000542e-01,5.623000000000000220e-01,4.950999999999999845e-01,3.930000000000000160e-01,5.547999999999999599e-01,5.070999999999999952e-01,5.776999999999999913e-01,3.761999999999999789e-01,5.773000000000000353e-01
4.637000000000000011e-01,4.032999999999999918e-01,7.539000000000000146e-01,5.968999999999999861e-01,7.829000000000000403e-01,7.668000000000000371e-01,6.928999999999999604e-01,6.706999999999999629e-01,9.045999999999999597e-01,6.521000000000000130e-01,7.371999999999999664e-01,6.145000000000000462e-01
1.345000000000000084e-01,6.434999999999999609e-01,3.909000000000000252e-01,7.931000000000000272e-01,5.474999999999999867e-01,7.822999999999999954e-01,3.951999999999999957e-01,7.845999999999999641e-01,3.831999999999999851e-01,9.930999999999999828e-01,3.468999999999999861e-01,8.406000000000000139e-01
4.058999999999999830e-01,3.798000000000000265e-01,7.393999999999999462e-01,3.554999999999999827e-01,8.615000000000000435e-01,3.499999999999999778e-01,1.760299999999999976e+00,-3.009999999999999828e-02,-1.799999999999999864e-02,2.019899999999999807e+00,-1.729999999999999941e-02,2.139999999999999888e-02
3.472000000000000086e-01,5.533000000000000140e-01,7.213000000000000522e-01,6.622000000000000108e-01,7.495000000000000551e-01,8.366000000000000103e-01,6.911000000000000476e-01,7.009999999999999565e-01,7.428000000000000158e-01,8.702999999999999625e-01,6.703999999999999959e-01,7.269999999999999796e-01
5.223999999999999755e-01,9.700000000000000289e-03,7.252999999999999448e-01,1.418000000000000094e-01,8.516000000000000236e-01,1.318000000000000005e-01,1.666600000000000081e+00,7.340000000000000691e-02,1.909999999999999892e-02,-1.909999999999999892e-02,-1.140000000000000041e-02,1.269999999999999948e-02
6.917999999999999705e-01,3.518000000000000016e-01,1.041500000000000092e+00,3.028000000000000136e-01,1.083499999999999908e+00,3.950000000000000178e-01,1.622800000000000020e+00,1.233999999999999958e-01,2.023099999999999898e+00,-2.900000000000000147e-02,6.140000000000000319e-02,-7.670000000000000429e-02
1.506000000000000116e-01,7.947999999999999510e-01,1.764999999999999902e-01,1.315600000000000103e+00,2.341000000000000025e-01,1.461899999999999977e+00,2.084999999999999909e-01,1.275199999999999889e+00,2.401999999999999968e-01,1.474499999999999922e+00,1.973000000000000032e-01,1.294000000000000039e+00
3.895000000000000129e-01,2.033000000000000085e-01,5.605999999999999872e-01,3.758000000000000229e-01,7.401999999999999691e-01,3.100999999999999868e-01,5.241999999999999993e-01,4.181000000000000272e-01,7.392999999999999572e-01,3.271000000000000019e-01,5.231000000000000094e-01,4.183000000000000052e-01
-1.299999999999999940e-03,6.040999999999999703e-01,4.346999999999999753e-01,4.495999999999999996e-01,4.003999999999999782e-01,6.331999999999999851e-01,2.099999999999999870e-03,1.727800000000000002e+00,-8.340000000000000191e-02,2.097300000000000164e+00,1.580000000000000154e-02,-1.760000000000000106e-02
1.102700000000000014e+00,1.899999999999999996e-03,4.964000000000000079e-01,5.009000000000000119e-01,3.975000000000000200e-01,3.810000000000000053e-01,5.711000000000000520e-01,4.126000000000000223e-01,3.578000000000000069e-01,4.157000000000000139e-01,6.193999999999999506e-01,3.533000000000000029e-01
1.131699999999999928e+00,-3.169999999999999901e-02,9.418999999999999595e-01,7.895999999999999686e-01,7.904999999999999805e-01,4.899999999999999911e-01,9.016999999999999460e-01,8.375000000000000222e-01,7.738000000000000433e-01,4.527999999999999803e-01,9.162000000000000144e-01,8.145999999999999908e-01
4.102000000000000091e-01,6.909999999999999476e-01,7.255000000000000338e-01,8.215999999999999970e-01,8.328999999999999737e-01,8.366999999999999993e-01,1.705600000000000005e+00,3.830000000000000071e-02,6.300000000000000044e-02,1.926099999999999923e+00,-7.249999999999999500e-02,1.816300000000000026e+00
9.032999999999999918e-01,1.708000000000000074e-01,1.453699999999999992e+00,2.185999999999999888e-01,1.625799999999999912e+00,2.813999999999999835e-01,1.394600000000000062e+00,2.858999999999999875e-01,1.638099999999999890e+00,3.014999999999999902e-01,1.507100000000000106e+00,1.582000000000000073e-01
1.140900000000000025e+00,-4.250000000000000305e-02,5.855000000000000204e-01,1.156300000000000106e+00,5.838999999999999746e-01,5.531000000000000361e-01,6.872000000000000330e-01,1.039199999999999902e+00,5.729999999999999538e-01,5.251000000000000112e-01,6.183999999999999497e-01,1.117099999999999982e+00
3.927999999999999825e-01,2.646999999999999909e-01,5.869999999999999662e-01,4.480999999999999983e-01,6.573999999999999844e-01,5.252999999999999892e-01,6.692000000000000171e-01,3.488999999999999879e-01,7.849000000000000421e-01,3.914000000000000257e-01,6.413999999999999702e-01,3.850999999999999979e-01
2.586999999999999855e-01,3.300000000000000155e-01,3.558000000000000052e-01,5.741000000000000547e-01,4.228000000000000091e-01,6.357000000000000428e-01,3.225999999999999979e-01,6.189999999999999947e-01,4.365999999999999881e-01,6.308000000000000274e-01,3.088000000000000189e-01,6.294999999999999485e-01
4.380999999999999894e-01,3.544999999999999818e-01,7.057999999999999829e-01,5.333999999999999853e-01,7.712999999999999856e-01,6.481999999999999984e-01,6.475999999999999535e-01,6.045000000000000373e-01,8.760999999999999899e-01,5.459000000000000519e-01,7.537000000000000366e-01,4.778999999999999915e-01
2.202000000000000068e-01,1.535999999999999865e-01,3.609999999999999876e-01,2.209000000000000130e-01,5.806000000000000050e-01,5.000000000000000278e-02,3.610999999999999766e-01,2.240999999999999936e-01,4.183999999999999941e-01,2.550000000000000044e-01,4.441999999999999837e-01,1.250999999999999890e-01
