9.389999999999999736e-02,1.008899999999999908e+00,3.649999999999999772e-02,6.944000000000000172e-01,9.080000000000000571e-02,4.960999999999999854e-01,7.220000000000000029e-02,6.521000000000000130e-01,-1.299999999999999940e-02,6.085000000000000409e-01,6.310000000000000331e-02,6.596999999999999531e-01
6.250000000000000000e-02,1.036100000000000021e+00,-3.160000000000000309e-02,9.835000000000000409e-01,1.020000000000000073e-02,7.330999999999999739e-01,-5.260000000000000092e-02,1.005500000000000060e+00,-5.360000000000000181e-02,7.914999999999999813e-01,-2.270000000000000143e-02,9.754000000000000448e-01
7.309999999999999831e-02,4.657000000000000028e-01,1.021999999999999992e-01,7.502999999999999670e-01,5.510000000000000314e-02,9.276999999999999691e-01,7.299999999999999545e-02,7.852000000000000091e-01,1.179999999999999938e-01,8.650999999999999801e-01,1.218999999999999945e-01,7.259999999999999787e-01
-8.609999999999999598e-02,1.207600000000000007e+00,3.407000000000000028e-01,1.090100000000000069e+00,5.372999999999999998e-01,9.980999999999999872e-01,-3.529999999999999805e-02,1.776399999999999979e+00,-1.199999999999999895e-03,2.001700000000000035e+00,2.529999999999999957e-02,1.701799999999999979e+00
8.624000000000000554e-01,2.389000000000000012e-01,1.129599999999999937e+00,5.381000000000000227e-01,1.292499999999999982e+00,4.895999999999999797e-01,1.810499999999999998e+00,-9.299999999999999933e-02,2.041199999999999903e+00,-4.979999999999999705e-02,4.799999999999999580e-03,1.730399999999999938e+00
1.140600000000000058e+00,-3.760000000000000148e-02,5.592000000000000304e-01,1.172900000000000054e+00,3.988999999999999768e-01,8.187999999999999723e-01,6.176000000000000378e-01,1.108100000000000085e+00,4.037000000000000033e-01,7.717000000000000526e-01,5.580000000000000515e-01,1.172800000000000065e+00
3.785000000000000031e-01,7.281999999999999584e-01,1.824000000000000066e-01,7.266000000000000236e-01,1.605000000000000038e-01,5.580000000000000515e-01,1.434999999999999887e-01,7.713999999999999746e-01,1.922000000000000097e-01,5.056000000000000494e-01,3.316999999999999948e-01,5.522000000000000242e-01
1.054699999999999971e+00,5.700000000000000205e-02,9.906000000000000361e-01,9.389999999999999736e-02,8.846000000000000529e-01,-8.219999999999999529e-02,1.024499999999999966e+00,4.920000000000000068e-02,7.418000000000000149e-01,6.930000000000000049e-02,1.035600000000000076e+00,3.830000000000000071e-02
4.167000000000000148e-01,5.007000000000000339e-01,6.381999999999999895e-01,7.985999999999999766e-01,8.045999999999999819e-01,8.236999999999999877e-01,7.403999999999999471e-01,6.831000000000000405e-01,7.402999999999999581e-01,9.233000000000000096e-01,6.320999999999999952e-01,8.117999999999999661e-01
4.083999999999999853e-01,6.935000000000000053e-01,7.812999999999999945e-01,7.456000000000000405e-01,8.579999999999999849e-01,7.981000000000000316e-01,1.763400000000000079e+00,-3.379999999999999671e-02,3.119999999999999857e-02,1.962900000000000089e+00,4.639999999999999680e-02,1.680600000000000094e+00
1.093199999999999950e+00,1.700000000000000122e-02,9.919999999999999929e-01,2.131000000000000116e-01,8.427999999999999936e-01,4.309999999999999942e-02,1.037400000000000100e+00,1.592999999999999972e-01,8.353000000000000425e-01,2.400000000000000050e-02,1.127099999999999991e+00,5.929999999999999855e-02
6.954000000000000181e-01,2.670000000000000151e-01,1.011800000000000033e+00,2.592999999999999750e-01,1.137399999999999967e+00,2.560999999999999943e-01,1.706800000000000095e+00,3.339999999999999913e-02,2.083899999999999864e+00,-9.270000000000000462e-02,1.299999999999999940e-02,-1.779999999999999985e-02
2.503000000000000225e-01,5.376999999999999558e-01,4.507999999999999785e-01,7.689000000000000279e-01,6.040999999999999703e-01,7.664999999999999591e-01,4.467999999999999750e-01,7.721000000000000085e-01,6.210999999999999854e-01,7.644999999999999574e-01,4.441999999999999837e-01,7.789000000000000368e-01
2.310999999999999999e-01,8.728000000000000203e-01,1.756000000000000061e-01,5.309000000000000385e-01,1.360000000000000098e-01,4.464000000000000190e-01,1.481000000000000094e-01,5.649999999999999467e-01,6.090000000000000274e-02,5.214999999999999636e-01,1.231000000000000011e-01,5.944000000000000394e-01
3.507000000000000117e-01,4.682000000000000051e-01,6.534999999999999698e-01,4.859999999999999876e-01,7.487000000000000322e-01,5.119000000000000217e-01,1.678900000000000059e+00,5.970000000000000306e-02,-5.820000000000000173e-02,2.068200000000000038e+00,-2.409999999999999989e-02,2.869999999999999982e-02
1.763000000000000123e-01,5.282999999999999918e-01,4.546999999999999931e-01,5.701000000000000512e-01,6.420000000000000151e-01,4.928000000000000158e-01,1.767600000000000060e+00,-4.320000000000000229e-02,3.570000000000000256e-02,1.956900000000000084e+00,-3.269999999999999990e-02,3.989999999999999797e-02
7.900000000000000078e-02,5.266999999999999460e-01,8.690000000000000502e-02,8.697000000000000286e-01,1.670999999999999985e-01,9.114999999999999769e-01,5.879999999999999810e-02,9.034999999999999698e-01,6.869999999999999718e-02,1.042699999999999960e+00,8.079999999999999682e-02,8.789000000000000146e-01
4.475000000000000089e-01,6.681000000000000272e-01,3.219000000000000195e-01,5.937000000000000055e-01,2.144000000000000072e-01,5.219000000000000306e-01,2.775000000000000244e-01,6.470000000000000195e-01,1.794999999999999929e-01,5.440000000000000391e-01,2.650000000000000133e-01,6.644999999999999796e-01
4.958000000000000185e-01,1.443000000000000116e-01,8.970000000000000195e-01,8.419999999999999707e-02,8.679000000000000048e-01,2.842999999999999972e-01,7.258000000000000007e-01,2.898000000000000020e-01,8.606000000000000316e-01,3.075999999999999845e-01,7.933999999999999941e-01,2.101000000000000090e-01
-1.559999999999999928e-02,4.195999999999999730e-01,4.649999999999999967e-02,5.764000000000000234e-01,5.999999999999999778e-02,6.460000000000000187e-01,3.049999999999999933e-02,5.935000000000000275e-01,4.569999999999999757e-02,6.741000000000000325e-01,-3.280000000000000276e-02,6.699000000000000510e-01
1.063099999999999934e+00,5.430000000000000104e-02,8.057999999999999607e-01,9.270000000000000462e-01,5.826000000000000068e-01,9.213000000000000078e-01,7.334000000000000519e-01,1.003300000000000081e+00,6.818999999999999506e-01,7.320999999999999730e-01,7.287000000000000144e-01,1.006000000000000005e+00
4.516000000000000014e-01,3.030999999999999805e-01,6.539000000000000368e-01,4.383000000000000229e-01,8.696000000000000396e-01,3.244000000000000217e-01,1.766399999999999970e+00,-3.989999999999999797e-02,-4.019999999999999962e-02,2.044000000000000039e+00,5.800000000000000294e-02,-6.990000000000000380e-02
9.811999999999999611e-01,1.464000000000000024e-01,9.872999999999999554e-01,7.388000000000000123e-01,7.229999999999999760e-01,1.253800000000000026e+00,9.414000000000000146e-01,7.926999999999999602e-01,7.644999999999999574e-01,1.026799999999999935e+00,9.855000000000000426e-01,7.375000000000000444e-01
2.771000000000000130e-01,4.934000000000000052e-01,4.556999999999999940e-01,7.448000000000000176e-01,4.532999999999999807e-01,9.261000000000000343e-01,3.633000000000000118e-01,8.518999999999999906e-01,3.588999999999999968e-01,1.055700000000000083e+00,4.431999999999999829e-01,7.584999999999999520e-01
-7.799999999999999642e-03,7.602999999999999758e-01,-4.109999999999999765e-02,1.110899999999999999e+00,-3.299999999999999982e-03,1.193899999999999961e+00,-7.109999999999999654e-02,1.819099999999999939e+00,6.250000000000000000e-02,1.926700000000000079e+00,4.510000000000000120e-02,-5.140000000000000124e-02
1.183999999999999941e+00,-9.539999999999999869e-02,4.043999999999999817e-01,6.969999999999999529e-01,2.918999999999999928e-01,5.550000000000000488e-01,5.265999999999999570e-01,5.560000000000000497e-01,3.209000000000000186e-01,5.018000000000000238e-01,3.657000000000000250e-01,7.449999999999999956e-01
3.715999999999999859e-01,5.726999999999999869e-01,5.762000000000000455e-01,9.028000000000000469e-01,7.665999999999999481e-01,8.991999999999999993e-01,6.573999999999999844e-01,8.044999999999999929e-01,8.084999999999999964e-01,8.723999999999999533e-01,6.283999999999999586e-01,8.446000000000000174e-01
1.135399999999999965e+00,-3.660000000000000059e-02,9.929999999999999938e-01,7.328000000000000069e-01,7.396000000000000352e-01,4.828999999999999959e-01,1.096200000000000063e+00,6.152999999999999581e-01,7.750000000000000222e-01,4.016000000000000125e-01,1.057199999999999918e+00,6.568000000000000504e-01
4.275999999999999801e-01,5.981999999999999540e-01,8.579999999999999849e-01,4.580000000000000182e-01,9.666000000000000147e-01,4.712000000000000077e-01,1.702399999999999913e+00,3.459999999999999881e-02,9.499999999999999764e-03,1.983899999999999997e+00,3.450000000000000289e-02,-4.050000000000000128e-02
3.891000000000000014e-01,2.215000000000000024e-01,6.281999999999999806e-01,3.251999999999999891e-01,7.110999999999999543e-01,3.699999999999999956e-01,6.101999999999999647e-01,3.433999999999999830e-01,7.287000000000000144e-01,3.706999999999999740e-01,5.958999999999999853e-01,3.619999999999999885e-01
3.376000000000000112e-01,5.205999999999999517e-01,4.022000000000000020e-01,9.626000000000000112e-01,6.525999999999999579e-01,8.635000000000000453e-01,5.593000000000000194e-01,7.762999999999999901e-01,5.713000000000000300e-01,9.856000000000000316e-01,6.018000000000000016e-01,7.241999999999999549e-01
7.499999999999999722e-03,7.326000000000000290e-01,2.217000000000000082e-01,8.010000000000000453e-01,2.054999999999999882e-01,9.643000000000000460e-01,6.180000000000000077e-02,1.656800000000000050e+00,-5.870000000000000218e-02,2.070399999999999796e+00,-2.560000000000000123e-02,3.099999999999999978e-02
-4.240000000000000019e-02,7.590999999999999970e-01,3.427999999999999936e-01,6.646999999999999575e-01,3.544999999999999818e-01,7.933000000000000052e-01,5.000000000000000278e-02,1.675499999999999989e+00,-9.690000000000000002e-02,2.112200000000000077e+00,-1.799999999999999951e-03,2.399999999999999790e-03
8.978000000000000425e-01,1.226000000000000006e-01,1.111099999999999977e+00,2.376000000000000056e-01,1.333900000000000086e+00,1.199000000000000066e-01,1.906700000000000061e+00,-2.028999999999999970e-01,1.955699999999999994e+00,4.499999999999999833e-02,1.679999999999999896e-02,-1.969999999999999876e-02
1.721000000000000030e-01,2.182999999999999940e-01,2.818999999999999839e-01,3.280000000000000138e-01,3.557000000000000162e-01,3.363999999999999768e-01,2.338000000000000078e-01,3.846999999999999864e-01,3.266000000000000014e-01,3.775000000000000022e-01,2.295000000000000095e-01,3.909000000000000252e-01
1.859999999999999848e-02,2.330000000000000127e-01,8.279999999999999860e-02,2.980999999999999761e-01,6.379999999999999560e-02,3.789000000000000146e-01,-1.660000000000000017e-02,4.183999999999999941e-01,1.610000000000000042e-01,2.706999999999999962e-01,8.580000000000000127e-02,2.988000000000000100e-01
1.027700000000000058e+00,8.759999999999999731e-02,5.360000000000000320e-01,1.174600000000000088e+00,3.294000000000000261e-01,7.892000000000000126e-01,3.724000000000000088e-01,1.366100000000000092e+00,2.953000000000000069e-01,7.904999999999999805e-01,4.677999999999999936e-01,1.253200000000000092e+00
3.114999999999999991e-01,6.206000000000000405e-01,5.195999999999999508e-01,9.348999999999999533e-01,4.159999999999999809e-01,1.275600000000000067e+00,4.773000000000000020e-01,9.806000000000000272e-01,5.755000000000000115e-01,1.103299999999999947e+00,3.649999999999999911e-01,1.116200000000000081e+00
-3.339999999999999913e-02,1.136700000000000044e+00,8.859999999999999820e-02,1.330500000000000016e+00,2.922000000000000153e-01,1.235300000000000065e+00,1.830000000000000029e-02,1.712800000000000100e+00,-8.160000000000000586e-02,2.100200000000000067e+00,3.500000000000000073e-03,1.726299999999999946e+00
2.919999999999999818e-01,8.899999999999999578e-02,4.255999999999999783e-01,1.746999999999999942e-01,4.703999999999999848e-01,2.200999999999999901e-01,4.924999999999999933e-01,9.679999999999999716e-02,4.691000000000000170e-01,2.291999999999999871e-01,4.425999999999999934e-01,1.539000000000000090e-01
5.012999999999999678e-01,9.710000000000000575e-02,7.749000000000000332e-01,1.598999999999999866e-01,8.716000000000000414e-01,1.945999999999999952e-01,7.985999999999999766e-01,1.303999999999999881e-01,8.873999999999999666e-01,1.973999999999999921e-01,6.991000000000000547e-01,2.499000000000000110e-01
6.458000000000000407e-01,2.964999999999999858e-01,9.245999999999999774e-01,3.378999999999999782e-01,1.054200000000000026e+00,3.262999999999999790e-01,1.751900000000000013e+00,-2.230000000000000038e-02,2.070800000000000196e+00,-7.860000000000000320e-02,-1.009999999999999960e-02,1.030000000000000013e-02
1.136300000000000088e+00,-3.529999999999999805e-02,3.837999999999999745e-01,2.079000000000000015e-01,3.385000000000000231e-01,1.535999999999999865e-01,4.568999999999999728e-01,1.199000000000000066e-01,2.972000000000000197e-01,1.928999999999999881e-01,3.504999999999999782e-01,2.441000000000000114e-01
-2.050000000000000086e-02,1.080400000000000027e+00,1.990000000000000102e-01,1.171300000000000008e+00,2.043999999999999984e-01,1.301099999999999923e+00,-6.300000000000000044e-02,1.806999999999999940e+00,-1.089999999999999997e-01,2.131099999999999994e+00,9.110000000000000042e-02,1.625399999999999956e+00
8.093000000000000194e-01,1.446999999999999953e-01,1.019800000000000040e+00,2.690000000000000169e-01,1.202299999999999924e+00,2.013999999999999957e-01,1.641999999999999904e+00,1.033000000000000029e-01,2.117700000000000138e+00,-1.391000000000000014e-01,-8.490000000000000324e-02,1.015000000000000069e-01
2.621999999999999886e-01,8.393000000000000460e-01,1.887999999999999956e-01,7.997999999999999554e-01,2.061999999999999944e-01,5.558999999999999497e-01,2.330000000000000127e-01,7.465000000000000524e-01,1.064999999999999974e-01,6.558000000000000496e-01,1.107000000000000067e-01,8.961999999999999966e-01
3.084000000000000075e-01,7.896999999999999575e-01,1.522000000000000020e-01,1.576899999999999968e+00,7.180000000000000271e-02,9.781999999999999584e-01,2.220000000000000029e-01,1.498499999999999943e+00,4.429999999999999910e-02,9.809999999999999831e-01,9.339999999999999691e-02,1.646600000000000064e+00
5.817999999999999838e-01,2.661000000000000032e-01,8.678000000000000158e-01,4.687999999999999945e-01,9.546000000000000041e-01,5.727999999999999758e-01,7.304000000000000492e-01,6.333999999999999631e-01,8.539999999999999813e-01,7.134000000000000341e-01,8.607000000000000206e-01,4.792000000000000148e-01
1.113799999999999901e+00,-1.200000000000000025e-02,4.509000000000000230e-01,1.285400000000000098e+00,4.254999999999999893e-01,1.115599999999999925e+00,4.581000000000000072e-01,1.271400000000000086e+00,3.917999999999999816e-01,1.065600000000000103e+00,4.899999999999999911e-01,1.233999999999999986e+00
1.111499999999999932e+00,-6.899999999999999883e-03,5.701000000000000512e-01,1.157499999999999973e+00,4.380999999999999894e-01,1.535199999999999898e+00,4.560000000000000164e-01,1.290200000000000014e+00,4.359999999999999987e-01,1.382700000000000040e+00,5.760999999999999455e-01,1.155999999999999917e+00
4.960999999999999854e-01,1.890000000000000013e-01,7.076999999999999957e-01,3.780000000000000027e-01,8.066999999999999726e-01,4.309000000000000052e-01,7.210999999999999632e-01,3.644999999999999907e-01,8.027999999999999581e-01,4.556000000000000050e-01,7.351999999999999647e-01,3.442000000000000060e-01
5.782000000000000473e-01,6.300000000000000044e-03,9.616999999999999993e-01,-6.069999999999999701e-02,1.034799999999999942e+00,4.300000000000000003e-03,9.052999999999999936e-01,7.599999999999999985e-03,1.051299999999999901e+00,2.399999999999999790e-03,1.007700000000000040e+00,-1.158000000000000002e-01
1.163000000000000006e-01,6.280999999999999917e-01,6.239999999999999714e-02,1.128500000000000059e+00,1.577000000000000068e-01,1.181699999999999973e+00,8.569999999999999840e-02,1.103699999999999903e+00,1.170999999999999958e-01,1.252399999999999958e+00,2.270000000000000073e-01,9.334999999999999964e-01
1.049999999999999961e-01,6.663000000000000034e-01,3.347999999999999865e-01,7.600999999999999979e-01,5.875000000000000222e-01,6.109999999999999876e-01,1.713200000000000056e+00,2.610000000000000167e-02,1.228000000000000064e-01,1.855499999999999927e+00,-2.319999999999999840e-02,2.860000000000000042e-02
1.138700000000000045e+00,-4.270000000000000184e-02,8.879000000000000226e-01,1.300999999999999934e-01,6.693000000000000060e-01,1.269000000000000128e-01,8.104999999999999982e-01,2.218999999999999861e-01,6.306000000000000494e-01,1.496999999999999997e-01,8.710999999999999854e-01,1.517000000000000015e-01
5.928999999999999826e-01,4.753000000000000003e-01,7.671999999999999931e-01,9.424000000000000155e-01,8.571999999999999620e-01,1.086400000000000032e+00,7.977999999999999536e-01,8.958000000000000407e-01,9.468999999999999639e-01,1.005600000000000049e+00,7.537000000000000366e-01,9.506000000000000005e-01
6.700000000000000226e-03,5.980999999999999650e-01,-6.650000000000000355e-02,1.033500000000000085e+00,-2.740000000000000074e-02,1.112100000000000088e+00,3.610000000000000014e-02,9.109000000000000430e-01,1.080000000000000057e-02,1.085599999999999898e+00,-6.429999999999999605e-02,1.026399999999999979e+00
2.600999999999999979e-01,8.426000000000000156e-01,1.748000000000000109e-01,5.535999999999999810e-01,1.487999999999999878e-01,4.435999999999999943e-01,2.177000000000000046e-01,4.986999999999999766e-01,1.135000000000000037e-01,4.778000000000000025e-01,1.067000000000000032e-01,6.320999999999999952e-01
3.471000000000000196e-01,4.969000000000000083e-01,5.672000000000000375e-01,6.026000000000000245e-01,6.693000000000000060e-01,6.248000000000000220e-01,1.642200000000000104e+00,1.035999999999999976e-01,2.179999999999999993e-02,1.976599999999999913e+00,-6.899999999999999883e-03,6.899999999999999883e-03
5.749999999999999556e-01,9.829999999999999849e-02,7.358999999999999986e-01,3.523999999999999910e-01,9.225999999999999757e-01,3.027000000000000246e-01,7.922000000000000153e-01,2.848999999999999866e-01,9.758000000000000007e-01,2.587999999999999745e-01,8.202000000000000401e-01,2.514000000000000123e-01
3.249000000000000221e-01,2.662999999999999812e-01,2.134999999999999953e-01,8.379999999999999949e-02,2.175999999999999879e-01,3.230000000000000232e-02,1.633000000000000007e-01,1.439999999999999891e-01,1.643000000000000016e-01,8.870000000000000107e-02,2.185999999999999888e-01,7.850000000000000033e-02
1.089800000000000102e+00,1.820000000000000090e-02,4.521999999999999909e-01,1.280699999999999950e+00,2.792999999999999927e-01,9.139000000000000457e-01,4.673999999999999821e-01,1.263400000000000079e+00,4.811000000000000276e-01,6.379000000000000226e-01,5.040000000000000036e-01,1.218099999999999961e+00
7.745999999999999552e-01,2.772999999999999909e-01,1.262499999999999956e+00,3.768000000000000238e-01,1.368200000000000083e+00,5.104999999999999538e-01,1.176299999999999901e+00,4.776000000000000245e-01,1.362200000000000077e+00,5.502000000000000224e-01,1.244099999999999984e+00,4.003999999999999782e-01
1.184999999999999942e-01,7.795999999999999597e-01,2.707999999999999852e-01,1.118500000000000050e+00,3.413999999999999813e-01,1.232299999999999951e+00,2.989999999999999880e-01,1.083900000000000086e+00,4.309000000000000052e-01,1.150900000000000034e+00,3.357999999999999874e-01,1.039400000000000102e+00
1.812000000000000000e-01,5.191999999999999948e-01,4.632000000000000006e-01,5.596999999999999753e-01,6.343999999999999639e-01,4.975999999999999868e-01,1.709799999999999986e+00,2.520000000000000018e-02,-7.979999999999999594e-02,2.089700000000000113e+00,-4.440000000000000197e-02,5.319999999999999729e-02
4.220999999999999752e-01,3.664000000000000035e-01,7.572999999999999732e-01,4.596999999999999975e-01,8.640999999999999792e-01,5.221999999999999975e-01,7.521999999999999797e-01,4.671000000000000152e-01,8.512999999999999456e-01,5.594999999999999973e-01,7.478000000000000203e-01,4.687999999999999945e-01
1.210900000000000087e+00,-1.260999999999999899e-01,5.953000000000000513e-01,1.149399999999999977e+00,5.685000000000000053e-01,9.512000000000000455e-01,6.745999999999999774e-01,1.050000000000000044e+00,5.014999999999999458e-01,9.447999999999999732e-01,6.418000000000000371e-01,1.093699999999999894e+00
5.610000000000000542e-01,2.924999999999999822e-01,7.259999999999999787e-01,4.631000000000000116e-01,9.444000000000000172e-01,3.524999999999999800e-01,1.723300000000000054e+00,7.400000000000000328e-03,3.059999999999999873e-02,1.958499999999999908e+00,3.749999999999999861e-02,-4.560000000000000164e-02
4.190999999999999726e-01,7.017999999999999794e-01,7.913999999999999924e-01,6.674999999999999822e-01,1.036299999999999999e+00,5.181000000000000050e-01,1.751200000000000090e+00,-2.239999999999999977e-02,-1.037000000000000005e-01,2.116699999999999804e+00,-0.000000000000000000e+00,1.728199999999999958e+00
5.016000000000000458e-01,1.766000000000000070e-01,7.703999999999999737e-01,2.323000000000000065e-01,9.845000000000000417e-01,1.147999999999999993e-01,1.770000000000000018e+00,-4.560000000000000164e-02,-1.451999999999999957e-01,2.174300000000000122e+00,2.120000000000000009e-02,-2.570000000000000062e-02
3.262999999999999790e-01,2.227999999999999980e-01,5.194999999999999618e-01,3.371000000000000107e-01,6.499000000000000332e-01,3.145000000000000018e-01,6.012999999999999456e-01,2.391000000000000070e-01,5.881999999999999451e-01,3.996999999999999997e-01,4.504000000000000226e-01,4.183000000000000052e-01
-8.300000000000000433e-02,7.175000000000000266e-01,2.840000000000000163e-02,8.961000000000000076e-01,4.979999999999999705e-02,1.014499999999999957e+00,-5.960000000000000020e-02,1.804599999999999982e+00,-2.069999999999999965e-02,2.025199999999999889e+00,1.299999999999999940e-03,-1.399999999999999986e-03
9.486999999999999877e-01,1.555999999999999883e-01,4.249999999999999889e-01,9.012999999999999901e-01,2.159999999999999976e-01,7.500000000000000000e-01,5.109000000000000208e-01,8.024999999999999911e-01,3.472999999999999976e-01,5.742000000000000437e-01,4.526999999999999913e-01,8.720999999999999863e-01
-3.359999999999999792e-02,7.814999999999999725e-01,3.459999999999999742e-01,6.911000000000000476e-01,3.249000000000000221e-01,8.536000000000000254e-01,-7.280000000000000360e-02,1.825299999999999923e+00,1.340000000000000045e-02,1.986900000000000110e+00,1.619999999999999912e-02,-2.069999999999999965e-02
1.044000000000000067e-01,8.481999999999999540e-01,2.786000000000000143e-01,1.196099999999999941e+00,3.186999999999999833e-01,1.361099999999999977e+00,2.881000000000000227e-01,1.186099999999999932e+00,2.550999999999999934e-01,1.461999999999999966e+00,2.165999999999999870e-01,1.271600000000000064e+00
5.802000000000000490e-01,5.219000000000000306e-01,2.736000000000000099e-01,3.595999999999999752e-01,3.377000000000000002e-01,1.663000000000000034e-01,3.449999999999999734e-01,2.767999999999999905e-01,2.606999999999999873e-01,2.504000000000000115e-01,2.995999999999999774e-01,3.323999999999999733e-01
4.838999999999999968e-01,4.569999999999999757e-02,1.839999999999999969e-01,1.078999999999999959e-01,2.018999999999999961e-01,4.250000000000000305e-02,3.259000000000000230e-01,-6.090000000000000274e-02,2.703999999999999737e-01,-4.379999999999999866e-02,2.482000000000000040e-01,3.690000000000000224e-02
1.147699999999999942e+00,-5.040000000000000036e-02,1.158300000000000107e+00,1.213999999999999940e-01,9.293000000000000149e-01,-1.200000000000000025e-02,1.340100000000000069e+00,-9.310000000000000220e-02,8.478999999999999870e-01,5.720000000000000084e-02,1.220499999999999918e+00,5.149999999999999717e-02
5.957000000000000073e-01,4.386999999999999789e-01,8.091000000000000414e-01,8.394000000000000350e-01,9.161000000000000254e-01,9.635000000000000231e-01,7.718000000000000416e-01,8.813999999999999613e-01,1.003700000000000037e+00,8.898000000000000353e-01,7.043000000000000371e-01,9.604000000000000314e-01
3.748000000000000220e-01,2.993999999999999995e-01,6.535999999999999588e-01,3.407999999999999918e-01,8.457000000000000073e-01,2.526999999999999802e-01,1.739800000000000013e+00,-9.199999999999999845e-03,-6.410000000000000420e-02,2.075800000000000090e+00,3.579999999999999849e-02,-4.420000000000000318e-02
4.363000000000000211e-01,6.118000000000000105e-01,7.459999999999999964e-01,6.139000000000000012e-01,8.352000000000000535e-01,6.512000000000000011e-01,1.741400000000000059e+00,-1.039999999999999952e-02,-3.699999999999999817e-02,2.039400000000000102e+00,4.329999999999999821e-02,-5.149999999999999717e-02
3.879000000000000226e-01,5.092999999999999750e-01,6.454999999999999627e-01,7.532999999999999696e-01,7.869000000000000439e-01,7.985999999999999766e-01,5.291000000000000147e-01,8.947000000000000508e-01,7.951000000000000290e-01,8.101000000000000423e-01,6.322999999999999732e-01,7.763999999999999790e-01
