1.053399999999999892e+00,6.239999999999999714e-02,9.919999999999999929e-01,7.461999999999999744e-01,6.544999999999999707e-01,9.606000000000000094e-01,9.666000000000000147e-01,7.741999999999999993e-01,7.771000000000000130e-01,7.086000000000000076e-01,9.877000000000000224e-01,7.511999999999999789e-01
3.971999999999999975e-01,1.078000000000000069e-01,5.178000000000000380e-01,2.948000000000000065e-01,5.923000000000000487e-01,3.343999999999999750e-01,5.037000000000000366e-01,3.120999999999999885e-01,6.118000000000000105e-01,3.270000000000000129e-01,5.424999999999999822e-01,2.632999999999999785e-01
1.095199999999999951e+00,1.349999999999999985e-02,8.861999999999999877e-01,8.475000000000000311e-01,7.144000000000000350e-01,3.891999999999999904e-01,9.739999999999999769e-01,7.529000000000000137e-01,7.114000000000000323e-01,3.570999999999999730e-01,9.247999999999999554e-01,8.076999999999999735e-01
6.357000000000000428e-01,4.546999999999999931e-01,2.636999999999999900e-01,7.217000000000000082e-01,2.174999999999999989e-01,5.563000000000000167e-01,2.751000000000000112e-01,7.127000000000000002e-01,1.260999999999999899e-01,6.451000000000000068e-01,2.459999999999999964e-01,7.426000000000000378e-01
5.380000000000000060e-02,4.114999999999999769e-01,1.527999999999999914e-01,5.626999999999999780e-01,5.870000000000000218e-02,7.813999999999999835e-01,1.203999999999999931e-01,6.025000000000000355e-01,2.899999999999999800e-03,8.575000000000000400e-01,8.210000000000000631e-02,6.511000000000000121e-01
6.413999999999999702e-01,1.885999999999999899e-01,9.415000000000000036e-01,2.036000000000000032e-01,9.966000000000000414e-01,2.832000000000000073e-01,1.774399999999999977e+00,-5.000000000000000278e-02,2.061900000000000066e+00,-7.049999999999999323e-02,2.750000000000000014e-02,-3.309999999999999748e-02
7.269999999999999796e-01,3.827999999999999736e-01,1.070200000000000040e+00,4.521000000000000019e-01,1.323099999999999943e+00,3.022000000000000242e-01,1.663399999999999990e+00,8.400000000000000522e-02,2.080600000000000005e+00,-9.089999999999999469e-02,7.430000000000000493e-02,1.642099999999999893e+00
1.034699999999999953e+00,8.190000000000000058e-02,5.016000000000000458e-01,1.232799999999999896e+00,4.561999999999999944e-01,1.218399999999999928e+00,4.686000000000000165e-01,1.269500000000000073e+00,4.204999999999999849e-01,1.132200000000000095e+00,5.103999999999999648e-01,1.223000000000000087e+00
1.087900000000000089e+00,1.779999999999999985e-02,5.848999999999999755e-01,9.080000000000000571e-02,4.400000000000000022e-01,1.295000000000000040e-01,5.795000000000000151e-01,1.014000000000000040e-01,4.978000000000000203e-01,4.730000000000000177e-02,6.492999999999999883e-01,2.220000000000000098e-02
4.839999999999999858e-01,2.094000000000000028e-01,7.490999999999999881e-01,3.478999999999999870e-01,9.197999999999999510e-01,3.134000000000000119e-01,7.564999999999999503e-01,3.361999999999999988e-01,7.933999999999999941e-01,4.768000000000000016e-01,6.991000000000000547e-01,4.020000000000000240e-01
1.103599999999999914e+00,-8.999999999999999754e-04,5.595999999999999863e-01,1.163799999999999946e+00,4.280999999999999805e-01,9.927000000000000268e-01,5.554000000000000048e-01,1.170500000000000096e+00,4.449000000000000177e-01,9.106999999999999540e-01,5.766000000000000014e-01,1.139699999999999935e+00
3.806999999999999829e-01,4.935999999999999832e-01,5.540000000000000480e-01,8.272000000000000464e-01,8.499999999999999778e-01,6.754000000000000004e-01,6.041999999999999593e-01,7.640000000000000124e-01,7.195000000000000284e-01,8.541999999999999593e-01,6.353999999999999648e-01,7.275000000000000355e-01
2.061999999999999944e-01,4.097999999999999976e-01,2.550999999999999934e-01,7.147999999999999909e-01,4.465999999999999970e-01,6.359000000000000208e-01,2.715000000000000191e-01,6.968999999999999639e-01,2.489999999999999991e-01,8.829000000000000181e-01,2.200999999999999901e-01,7.590999999999999970e-01
-2.409999999999999989e-02,6.118999999999999995e-01,2.913000000000000034e-01,5.929999999999999716e-01,2.958999999999999964e-01,7.340999999999999748e-01,6.990000000000000380e-02,1.644200000000000106e+00,-4.070000000000000007e-02,2.050399999999999778e+00,9.500000000000000111e-02,-1.145000000000000046e-01
8.863999999999999657e-01,1.456999999999999962e-01,1.449500000000000011e+00,1.612000000000000099e-01,1.558100000000000041e+00,2.872000000000000108e-01,1.467799999999999994e+00,1.383000000000000063e-01,1.645399999999999974e+00,2.126000000000000112e-01,1.511700000000000044e+00,8.060000000000000497e-02
-5.820000000000000173e-02,8.149999999999999467e-01,3.494999999999999774e-01,7.002000000000000446e-01,4.371999999999999775e-01,7.410999999999999810e-01,-8.799999999999999489e-02,1.829700000000000104e+00,6.840000000000000246e-02,1.920900000000000052e+00,-3.980000000000000204e-02,4.889999999999999902e-02
1.308999999999999886e-01,3.577000000000000179e-01,1.534000000000000086e-01,6.239999999999999991e-01,1.368999999999999939e-01,7.509000000000000119e-01,2.429999999999999938e-01,5.121999999999999886e-01,2.288999999999999924e-01,6.538000000000000478e-01,2.044999999999999873e-01,5.573000000000000176e-01
1.074899999999999967e+00,4.139999999999999930e-02,9.121000000000000218e-01,1.875999999999999890e-01,7.667000000000000481e-01,5.759999999999999842e-02,9.257999999999999563e-01,1.721999999999999920e-01,7.290999999999999703e-01,8.450000000000000566e-02,8.941999999999999948e-01,2.083000000000000129e-01
5.436999999999999611e-01,1.827999999999999903e-01,8.222000000000000419e-01,3.264000000000000234e-01,1.067399999999999904e+00,2.131000000000000116e-01,8.136999999999999789e-01,3.348999999999999755e-01,1.033500000000000085e+00,2.770000000000000240e-01,8.016999999999999682e-01,3.518999999999999906e-01
1.115199999999999969e+00,-1.239999999999999956e-02,8.336000000000000076e-01,9.389999999999999736e-02,7.419000000000000039e-01,-2.350000000000000006e-02,7.925999999999999712e-01,1.436000000000000054e-01,6.870000000000000551e-01,2.139999999999999888e-02,8.857000000000000428e-01,3.259999999999999704e-02
2.477999999999999925e-01,6.458000000000000407e-01,4.042999999999999927e-01,8.336999999999999966e-01,7.193000000000000504e-01,6.084000000000000519e-01,1.761800000000000033e+00,-2.939999999999999905e-02,3.350000000000000200e-02,1.959699999999999998e+00,-3.269999999999999990e-02,4.189999999999999974e-02
9.949999999999999956e-01,1.179000000000000048e-01,4.038999999999999813e-01,5.380000000000000060e-02,3.093000000000000194e-01,8.519999999999999796e-02,3.899000000000000243e-01,6.880000000000000004e-02,3.294000000000000261e-01,5.419999999999999818e-02,3.796999999999999820e-01,8.240000000000000102e-02
-4.819999999999999979e-02,6.359000000000000208e-01,1.799999999999999864e-02,8.810000000000000053e-01,2.712999999999999856e-01,7.287000000000000144e-01,-7.900000000000000772e-03,1.742899999999999894e+00,-7.299999999999999545e-02,2.082399999999999807e+00,1.420000000000000082e-02,-1.830000000000000029e-02
2.457000000000000017e-01,8.729000000000000092e-01,5.141999999999999904e-01,1.241100000000000092e+00,6.712000000000000188e-01,1.218499999999999917e+00,1.593199999999999950e+00,1.650000000000000078e-01,-7.069999999999999896e-02,2.076499999999999790e+00,-4.660000000000000253e-02,1.782599999999999962e+00
1.073399999999999910e+00,3.649999999999999772e-02,1.302599999999999980e+00,4.334000000000000075e-01,9.583000000000000407e-01,1.295999999999999930e-01,1.387599999999999945e+00,3.254000000000000226e-01,9.932999999999999607e-01,4.789999999999999813e-02,1.318699999999999983e+00,4.103999999999999870e-01
5.456999999999999629e-01,5.523000000000000131e-01,2.854999999999999760e-01,1.444900000000000073e+00,2.506999999999999784e-01,9.536000000000000032e-01,2.293000000000000038e-01,1.511200000000000099e+00,1.937000000000000111e-01,9.832999999999999519e-01,2.684000000000000274e-01,1.465500000000000025e+00
4.414000000000000146e-01,3.165999999999999925e-01,7.874999999999999778e-01,2.755000000000000226e-01,8.969000000000000306e-01,2.846000000000000196e-01,1.744599999999999929e+00,-1.050000000000000065e-02,2.500000000000000139e-02,1.969799999999999995e+00,6.880000000000000004e-02,-8.309999999999999332e-02
2.601999999999999869e-01,7.164000000000000368e-01,7.321999999999999620e-01,5.280000000000000249e-01,7.810000000000000275e-01,6.129000000000000004e-01,1.754399999999999959e+00,-2.570000000000000062e-02,-4.170000000000000095e-02,2.048599999999999977e+00,-7.420000000000000207e-02,8.849999999999999534e-02
9.116999999999999549e-01,1.948000000000000009e-01,1.158700000000000063e+00,4.073999999999999844e-01,1.335199999999999942e+00,3.363999999999999768e-01,1.714900000000000091e+00,1.760000000000000106e-02,2.016599999999999948e+00,-2.549999999999999836e-02,-1.040999999999999981e-01,1.856400000000000050e+00
3.638000000000000123e-01,3.804000000000000159e-01,7.445000000000000506e-01,2.988000000000000100e-01,8.495000000000000329e-01,3.201999999999999846e-01,1.906099999999999905e+00,-2.026000000000000023e-01,-0.000000000000000000e+00,2.001199999999999868e+00,-8.699999999999999400e-03,9.599999999999999159e-03
2.076999999999999957e-01,4.486999999999999877e-01,2.482000000000000040e-01,7.953000000000000069e-01,3.955000000000000182e-01,7.727000000000000535e-01,3.534999999999999809e-01,6.677999999999999492e-01,4.895999999999999797e-01,6.782000000000000250e-01,3.968999999999999750e-01,6.182999999999999607e-01
4.578999999999999737e-01,6.552999999999999936e-01,2.936000000000000276e-01,8.653999999999999471e-01,2.919999999999999818e-01,5.679999999999999494e-01,2.777000000000000024e-01,8.881999999999999895e-01,2.359999999999999876e-01,6.118000000000000105e-01,2.499000000000000110e-01,9.186999999999999611e-01
8.379999999999999949e-02,1.481000000000000094e-01,1.603999999999999870e-01,1.943000000000000005e-01,2.514000000000000123e-01,1.398999999999999966e-01,2.079000000000000015e-01,1.383999999999999952e-01,2.308999999999999941e-01,1.706000000000000016e-01,1.796000000000000096e-01,1.728000000000000091e-01
4.783999999999999919e-01,-3.000000000000000062e-03,7.456000000000000405e-01,2.299999999999999961e-03,7.308999999999999941e-01,1.363999999999999935e-01,6.965999999999999970e-01,5.929999999999999855e-02,7.600000000000000089e-01,1.187000000000000000e-01,7.205000000000000293e-01,3.540000000000000091e-02
-1.349999999999999985e-02,9.691999999999999504e-01,6.859999999999999432e-02,1.201600000000000001e+00,2.006999999999999895e-01,1.184700000000000086e+00,-1.010999999999999954e-01,1.850400000000000045e+00,2.549999999999999836e-02,1.973700000000000010e+00,6.099999999999999867e-02,-7.320000000000000118e-02
1.038999999999999924e+00,7.570000000000000340e-02,7.307000000000000162e-01,1.009800000000000031e+00,5.981999999999999540e-01,1.377000000000000002e+00,7.362999999999999545e-01,1.004299999999999971e+00,6.713999999999999968e-01,1.031500000000000083e+00,8.457000000000000073e-01,8.774999999999999467e-01
3.309000000000000274e-01,4.249999999999999889e-01,4.928000000000000158e-01,6.981000000000000538e-01,6.050999999999999712e-01,7.403999999999999471e-01,6.155000000000000471e-01,5.527999999999999581e-01,6.381999999999999895e-01,7.205000000000000293e-01,5.232999999999999874e-01,6.604999999999999760e-01
9.397999999999999687e-01,9.489999999999999825e-02,1.514899999999999913e+00,9.619999999999999385e-02,1.657200000000000006e+00,1.844000000000000083e-01,1.592300000000000049e+00,4.300000000000000003e-03,1.785300000000000109e+00,7.149999999999999412e-02,1.490299999999999958e+00,1.233000000000000068e-01
1.112900000000000000e+00,-9.100000000000000450e-03,8.963999999999999746e-01,8.368999999999999773e-01,6.871000000000000441e-01,7.348000000000000087e-01,8.872999999999999776e-01,8.528999999999999915e-01,7.308000000000000052e-01,6.120999999999999774e-01,8.880000000000000115e-01,8.495000000000000329e-01
9.407999999999999696e-01,1.572000000000000064e-01,1.180299999999999905e+00,3.367999999999999883e-01,1.296200000000000019e+00,3.425000000000000266e-01,1.684700000000000086e+00,5.909999999999999976e-02,2.001599999999999824e+00,2.299999999999999961e-03,4.320000000000000229e-02,1.685899999999999954e+00
1.122500000000000053e+00,-2.000000000000000042e-02,7.035000000000000142e-01,1.028899999999999926e+00,5.000999999999999890e-01,6.362999999999999767e-01,7.523999999999999577e-01,9.641999999999999460e-01,5.687999999999999723e-01,5.181000000000000050e-01,7.308999999999999941e-01,9.958000000000000185e-01
5.908999999999999808e-01,4.002000000000000002e-01,8.241000000000000547e-01,7.433999999999999497e-01,1.137399999999999967e+00,6.116000000000000325e-01,9.518999999999999684e-01,5.897000000000000020e-01,1.061399999999999899e+00,7.307000000000000162e-01,8.973999999999999755e-01,6.602000000000000091e-01
4.950999999999999845e-01,5.898999999999999799e-01,9.069000000000000394e-01,7.700000000000000178e-01,8.366999999999999993e-01,1.101399999999999935e+00,7.952000000000000179e-01,9.013999999999999790e-01,9.184999999999999831e-01,1.039600000000000080e+00,7.024000000000000243e-01,1.008899999999999908e+00
8.399999999999999481e-03,5.566999999999999726e-01,2.479999999999999913e-02,8.559999999999999831e-01,1.376999999999999891e-01,8.414000000000000368e-01,8.530000000000000082e-02,7.865999999999999659e-01,-6.210000000000000242e-02,1.098600000000000021e+00,9.400000000000000022e-02,7.735999999999999543e-01
1.217999999999999972e+00,-1.338000000000000023e-01,6.016000000000000236e-01,1.136800000000000033e+00,4.434000000000000163e-01,7.737000000000000544e-01,6.492999999999999883e-01,1.074600000000000000e+00,5.332999999999999963e-01,6.232999999999999652e-01,5.916000000000000147e-01,1.146600000000000064e+00
4.767000000000000126e-01,6.199999999999999956e-01,8.124000000000000110e-01,6.200999999999999845e-01,8.201000000000000512e-01,7.476000000000000423e-01,1.762100000000000000e+00,-3.200000000000000067e-02,2.850000000000000103e-02,1.962499999999999911e+00,-2.399999999999999790e-03,1.735200000000000076e+00
4.445000000000000062e-01,4.328000000000000180e-01,7.354000000000000536e-01,6.306000000000000494e-01,7.350999999999999757e-01,8.423000000000000487e-01,7.141999999999999460e-01,6.596999999999999531e-01,8.076999999999999735e-01,7.813999999999999835e-01,6.866999999999999771e-01,6.933000000000000274e-01
1.748999999999999999e-01,9.336999999999999744e-01,4.970999999999999863e-01,9.798999999999999932e-01,5.158000000000000362e-01,1.106500000000000039e+00,1.858000000000000096e+00,-1.476999999999999980e-01,5.879999999999999810e-02,1.932099999999999929e+00,-9.479999999999999538e-02,1.840300000000000047e+00
-4.209999999999999853e-02,6.206000000000000405e-01,-8.899999999999999925e-03,9.080000000000000293e-01,4.440000000000000197e-02,9.645000000000000240e-01,2.560000000000000123e-02,8.678000000000000158e-01,3.389999999999999958e-02,9.927000000000000268e-01,1.381000000000000005e-01,7.345000000000000417e-01
4.087000000000000077e-01,1.144000000000000017e-01,6.518000000000000460e-01,1.958999999999999908e-01,7.540000000000000036e-01,2.240000000000000047e-01,1.739300000000000068e+00,-8.899999999999999925e-03,4.300000000000000003e-03,-5.199999999999999761e-03,-2.819999999999999937e-02,3.579999999999999849e-02
5.494999999999999885e-01,5.436999999999999611e-01,2.686000000000000054e-01,7.106999999999999984e-01,1.792999999999999872e-01,5.920999999999999597e-01,2.232000000000000095e-01,7.644999999999999574e-01,2.558000000000000274e-01,4.845999999999999752e-01,3.518000000000000016e-01,6.074000000000000510e-01
4.270000000000000184e-02,6.163999999999999480e-01,1.516000000000000125e-01,8.657000000000000250e-01,8.409999999999999420e-02,1.095599999999999907e+00,1.260999999999999899e-01,8.991999999999999993e-01,1.549000000000000099e-01,1.029099999999999904e+00,7.630000000000000671e-02,9.625000000000000222e-01
3.045999999999999819e-01,1.198000000000000037e-01,5.786000000000000032e-01,1.665000000000000091e-01,7.734999999999999654e-01,8.260000000000000675e-02,1.760099999999999998e+00,-3.139999999999999736e-02,2.879999999999999921e-02,-3.629999999999999893e-02,-2.369999999999999885e-02,2.719999999999999848e-02
2.131000000000000116e-01,6.178000000000000158e-01,6.259000000000000119e-01,4.974000000000000088e-01,7.542999999999999705e-01,4.946999999999999731e-01,1.708599999999999897e+00,2.939999999999999905e-02,4.009999999999999676e-02,1.945599999999999996e+00,2.129999999999999949e-02,-2.469999999999999973e-02
5.298000000000000487e-01,6.419999999999999318e-02,6.824000000000000066e-01,2.787999999999999923e-01,7.870000000000000329e-01,3.054000000000000048e-01,6.489000000000000323e-01,3.205999999999999961e-01,8.537000000000000144e-01,2.452999999999999903e-01,7.167000000000000037e-01,2.386999999999999955e-01
1.411999999999999922e-01,5.766000000000000014e-01,2.681999999999999940e-01,7.993999999999999995e-01,4.284000000000000030e-01,7.534999999999999476e-01,2.009999999999999981e-02,1.708900000000000086e+00,-5.190000000000000169e-02,2.063600000000000101e+00,-2.989999999999999949e-02,3.540000000000000091e-02
4.650000000000000244e-01,1.451999999999999957e-01,7.836999999999999522e-01,1.378000000000000058e-01,9.266999999999999682e-01,1.064999999999999974e-01,1.763500000000000068e+00,-3.919999999999999873e-02,1.257999999999999952e-01,1.849399999999999933e+00,-1.710000000000000062e-02,2.009999999999999981e-02
7.070999999999999508e-01,4.006000000000000116e-01,3.163000000000000256e-01,1.421300000000000008e+00,2.511999999999999789e-01,1.208399999999999919e+00,3.451000000000000179e-01,1.385899999999999910e+00,3.214000000000000190e-01,1.050100000000000033e+00,3.444999999999999729e-01,1.383399999999999963e+00
3.839999999999999664e-02,4.843999999999999972e-01,2.104000000000000037e-01,6.334999999999999520e-01,3.165000000000000036e-01,6.525999999999999579e-01,7.100000000000000408e-03,1.721899999999999986e+00,2.400000000000000050e-02,-3.070000000000000159e-02,-2.999999999999999737e-04,-1.299999999999999940e-03
4.092999999999999972e-01,4.796000000000000263e-01,7.052000000000000490e-01,4.991999999999999771e-01,8.136999999999999789e-01,5.116000000000000547e-01,1.559199999999999919e+00,2.063000000000000111e-01,-9.400000000000000369e-03,2.012900000000000134e+00,-4.379999999999999866e-02,5.310000000000000137e-02
3.246999999999999886e-01,5.262000000000000011e-01,6.185000000000000497e-01,5.524000000000000021e-01,7.927999999999999492e-01,4.811000000000000276e-01,1.705799999999999983e+00,3.450000000000000289e-02,-1.000000000000000048e-04,1.999800000000000022e+00,-2.429999999999999868e-02,2.690000000000000030e-02
3.115999999999999881e-01,2.006000000000000005e-01,6.378000000000000336e-01,1.844000000000000083e-01,8.250999999999999446e-01,1.020999999999999963e-01,1.731600000000000028e+00,-2.000000000000000042e-03,-5.400000000000000286e-03,5.499999999999999681e-03,6.160000000000000198e-02,-7.480000000000000537e-02
1.108600000000000030e+00,-5.300000000000000024e-03,4.635000000000000231e-01,1.283099999999999907e+00,4.083999999999999853e-01,1.442299999999999915e+00,4.793000000000000038e-01,1.265200000000000102e+00,4.490000000000000102e-01,1.193799999999999972e+00,6.261999999999999789e-01,1.087299999999999933e+00
1.945999999999999952e-01,8.463000000000000522e-01,3.935000000000000164e-01,9.886000000000000343e-01,5.201000000000000068e-01,9.817000000000000171e-01,1.796999999999999931e+00,-7.149999999999999412e-02,-9.460000000000000353e-02,2.110899999999999999e+00,3.839999999999999664e-02,1.683799999999999963e+00
2.602999999999999758e-01,6.276000000000000467e-01,6.727999999999999536e-01,5.070999999999999952e-01,7.549000000000000155e-01,5.507999999999999563e-01,1.824600000000000000e+00,-1.058000000000000052e-01,-1.899999999999999953e-02,2.019000000000000128e+00,-6.999999999999999929e-04,4.000000000000000192e-04
4.599999999999999922e-02,8.990000000000000213e-01,1.115000000000000019e-01,1.363599999999999923e+00,1.097999999999999948e-01,1.570599999999999996e+00,1.084999999999999992e-01,1.371399999999999952e+00,2.028000000000000080e-01,1.486499999999999932e+00,4.920000000000000068e-02,1.434900000000000064e+00
7.863999999999999879e-01,-2.359999999999999945e-02,1.092899999999999983e+00,1.320000000000000062e-01,1.351799999999999891e+00,2.659999999999999865e-02,1.164199999999999902e+00,4.800000000000000100e-02,1.409699999999999953e+00,-1.859999999999999848e-02,1.181300000000000017e+00,2.759999999999999953e-02
1.124500000000000055e+00,-2.220000000000000098e-02,3.990000000000000213e-01,1.027600000000000069e+00,2.620000000000000107e-01,7.329999999999999849e-01,3.240000000000000102e-01,1.115299999999999958e+00,3.763000000000000234e-01,5.714000000000000190e-01,4.534000000000000252e-01,9.653000000000000469e-01
3.512000000000000122e-01,7.155000000000000249e-01,4.879000000000000004e-01,1.195400000000000018e+00,6.451999999999999957e-01,1.257600000000000051e+00,5.178000000000000380e-01,1.157699999999999951e+00,5.995000000000000329e-01,1.341399999999999926e+00,4.381999999999999784e-01,1.253600000000000048e+00
5.244999999999999662e-01,1.796000000000000096e-01,8.253000000000000336e-01,2.766000000000000125e-01,9.778999999999999915e-01,2.720000000000000195e-01,8.928000000000000380e-01,1.988999999999999935e-01,1.056100000000000039e+00,1.957000000000000128e-01,8.943999999999999728e-01,1.973000000000000032e-01
6.042999999999999483e-01,4.914000000000000035e-01,1.090000000000000080e+00,5.960999999999999632e-01,1.056899999999999951e+00,8.965999999999999526e-01,1.027900000000000036e+00,6.693999999999999950e-01,1.212699999999999889e+00,7.549000000000000155e-01,1.065399999999999903e+00,6.278000000000000247e-01
