1.145799999999999930e+00,-4.669999999999999846e-02,4.056000000000000161e-01,5.662000000000000366e-01,3.123000000000000220e-01,4.580000000000000182e-01,3.635999999999999788e-01,6.133999999999999453e-01,3.305000000000000160e-01,4.132000000000000117e-01,4.167000000000000148e-01,5.514000000000000012e-01
5.092999999999999750e-01,6.038000000000000034e-01,2.873999999999999888e-01,8.162000000000000366e-01,2.267000000000000126e-01,6.180999999999999828e-01,2.646000000000000019e-01,8.489999999999999769e-01,3.365000000000000213e-01,4.647999999999999909e-01,2.814999999999999725e-01,8.254000000000000226e-01
4.662000000000000033e-01,1.208999999999999936e-01,7.657000000000000473e-01,1.390000000000000124e-01,8.885999999999999455e-01,1.303999999999999881e-01,1.693999999999999950e+00,4.529999999999999999e-02,-1.170000000000000033e-02,2.011099999999999888e+00,-1.940000000000000058e-02,2.170000000000000054e-02
1.703000000000000069e-01,2.233999999999999875e-01,2.676999999999999935e-01,3.477000000000000091e-01,2.733999999999999764e-01,4.324000000000000066e-01,1.222000000000000031e-01,5.212999999999999856e-01,2.333000000000000074e-01,4.925999999999999823e-01,2.043999999999999984e-01,4.214999999999999858e-01
3.371000000000000107e-01,7.713999999999999746e-01,7.103000000000000425e-01,8.678000000000000158e-01,8.328999999999999737e-01,8.651999999999999691e-01,1.701600000000000001e+00,3.269999999999999990e-02,-1.300000000000000044e-01,2.157200000000000006e+00,-8.279999999999999860e-02,1.834699999999999998e+00
7.149999999999999412e-02,1.044999999999999929e+00,1.132999999999999979e-01,8.252000000000000446e-01,4.200000000000000261e-02,7.056999999999999940e-01,1.015999999999999959e-01,8.421999999999999487e-01,7.359999999999999876e-02,6.540000000000000258e-01,7.839999999999999747e-02,8.679999999999999938e-01
2.230000000000000038e-01,8.879000000000000226e-01,1.592999999999999972e-01,7.128999999999999782e-01,1.088999999999999968e-01,5.914000000000000368e-01,1.293999999999999873e-01,7.500999999999999890e-01,1.590000000000000024e-01,5.180000000000000160e-01,1.131999999999999951e-01,7.677000000000000490e-01
7.409999999999999920e-02,3.966999999999999971e-01,4.133000000000000007e-01,3.644999999999999907e-01,4.413000000000000256e-01,4.767000000000000126e-01,-4.359999999999999987e-02,1.781800000000000050e+00,4.830000000000000265e-02,-5.759999999999999842e-02,1.239999999999999956e-02,-1.260000000000000009e-02
3.583000000000000074e-01,7.459999999999999964e-01,1.489000000000000046e-01,6.681000000000000272e-01,1.327000000000000124e-01,5.253999999999999782e-01,1.705000000000000127e-01,6.433999999999999719e-01,1.733000000000000096e-01,4.642999999999999905e-01,1.570000000000000007e-01,6.552000000000000046e-01
6.725999999999999757e-01,1.323000000000000009e-01,1.144800000000000040e+00,9.589999999999999913e-02,1.362000000000000099e+00,3.869999999999999829e-02,1.169699999999999962e+00,6.840000000000000246e-02,1.369599999999999929e+00,5.109999999999999959e-02,1.182099999999999929e+00,5.369999999999999774e-02
3.110999999999999877e-01,3.750999999999999890e-01,4.651000000000000134e-01,6.120999999999999774e-01,6.361999999999999877e-01,5.681000000000000494e-01,5.020000000000000018e-01,5.629999999999999449e-01,6.580000000000000293e-01,5.583000000000000185e-01,5.059000000000000163e-01,5.645999999999999908e-01
2.584000000000000186e-01,8.386000000000000121e-01,7.620000000000000384e-02,7.278000000000000025e-01,1.069999999999999979e-01,5.377999999999999448e-01,7.109999999999999654e-02,7.383999999999999453e-01,7.870000000000000606e-02,5.573000000000000176e-01,4.850000000000000144e-02,7.629000000000000226e-01
-4.200000000000000261e-02,7.610000000000000098e-01,1.212000000000000022e-01,9.063999999999999835e-01,1.753000000000000114e-01,9.878000000000000114e-01,5.340000000000000302e-02,1.670299999999999896e+00,-1.660000000000000017e-02,2.013599999999999834e+00,6.679999999999999827e-02,-7.969999999999999307e-02
9.848999999999999977e-01,1.433000000000000107e-01,5.061999999999999833e-01,2.202999999999999958e-01,5.441000000000000281e-01,2.259999999999999856e-02,5.695999999999999952e-01,1.403999999999999970e-01,4.718999999999999861e-01,9.919999999999999651e-02,4.996999999999999775e-01,2.260000000000000064e-01
5.581000000000000405e-01,5.779999999999999721e-02,7.461999999999999744e-01,2.461000000000000132e-01,8.368999999999999773e-01,2.983000000000000096e-01,8.010000000000000453e-01,1.832000000000000017e-01,9.549999999999999600e-01,1.746999999999999942e-01,8.798000000000000265e-01,8.959999999999999909e-02
4.254000000000000004e-01,3.643000000000000127e-01,7.034000000000000252e-01,5.252999999999999892e-01,6.943000000000000282e-01,7.252999999999999448e-01,8.134000000000000119e-01,4.001000000000000112e-01,7.932000000000000162e-01,6.343999999999999639e-01,7.578000000000000291e-01,4.625000000000000222e-01
-3.980000000000000204e-02,6.513999999999999790e-01,1.587999999999999967e-01,7.602999999999999758e-01,2.671999999999999931e-01,7.723999999999999755e-01,-1.779999999999999985e-02,1.750399999999999956e+00,1.890000000000000013e-02,1.978199999999999958e+00,-5.619999999999999996e-02,6.840000000000000246e-02
3.410000000000000253e-01,4.307000000000000273e-01,7.206000000000000183e-01,3.523999999999999910e-01,7.949000000000000510e-01,4.068999999999999839e-01,1.602899999999999991e+00,1.539000000000000090e-01,-1.459000000000000019e-01,2.171600000000000197e+00,1.000000000000000021e-02,-1.250000000000000069e-02
1.096400000000000041e+00,1.260000000000000009e-02,8.965999999999999526e-01,3.421000000000000152e-01,6.822000000000000286e-01,2.300999999999999990e-01,8.663999999999999480e-01,3.788000000000000256e-01,6.955999999999999961e-01,1.859999999999999987e-01,8.981999999999999984e-01,3.447000000000000064e-01
4.804999999999999827e-01,5.687999999999999723e-01,5.958999999999999853e-01,1.079199999999999937e+00,6.937999999999999723e-01,1.213100000000000067e+00,6.770000000000000462e-01,9.835000000000000409e-01,7.859000000000000430e-01,1.129699999999999926e+00,7.537000000000000366e-01,8.900000000000000133e-01
5.985000000000000320e-01,2.114000000000000046e-01,8.598999999999999977e-01,2.746999999999999997e-01,8.155000000000000027e-01,4.714999999999999747e-01,1.754299999999999971e+00,-2.589999999999999941e-02,-1.890000000000000013e-02,2.016999999999999904e+00,-6.550000000000000266e-02,7.960000000000000409e-02
8.579999999999999849e-01,2.205999999999999905e-01,3.942999999999999838e-01,1.329800000000000093e+00,2.999999999999999889e-01,7.320999999999999730e-01,4.228000000000000091e-01,1.296499999999999986e+00,3.049000000000000044e-01,6.911000000000000476e-01,3.719999999999999973e-01,1.352200000000000069e+00
1.122400000000000064e+00,-2.089999999999999844e-02,6.288000000000000256e-01,1.111499999999999932e+00,5.239000000000000323e-01,8.922999999999999821e-01,7.640000000000000124e-01,9.513000000000000345e-01,6.112999999999999545e-01,7.271999999999999575e-01,6.947999999999999732e-01,1.037500000000000089e+00
1.383999999999999952e-01,6.301999999999999824e-01,1.224999999999999978e-01,1.096600000000000019e+00,2.137999999999999901e-01,1.162500000000000089e+00,1.260000000000000009e-01,1.090700000000000003e+00,2.172999999999999932e-01,1.177400000000000002e+00,2.157999999999999918e-01,9.859999999999999876e-01
1.779999999999999985e-02,6.441000000000000059e-01,1.933999999999999886e-01,8.153000000000000247e-01,2.079999999999999905e-01,9.453000000000000291e-01,2.369999999999999885e-01,7.618000000000000327e-01,2.102999999999999869e-01,9.556000000000000050e-01,8.110000000000000542e-02,9.459999999999999520e-01
5.596999999999999753e-01,2.298000000000000043e-01,8.849000000000000199e-01,3.551000000000000267e-01,1.034299999999999997e+00,3.724000000000000088e-01,1.094000000000000083e+00,1.068999999999999950e-01,1.116900000000000004e+00,3.034000000000000030e-01,8.565000000000000391e-01,3.830000000000000071e-01
6.694999999999999840e-01,2.591999999999999860e-01,1.030399999999999983e+00,1.922000000000000097e-01,1.123799999999999910e+00,2.316999999999999893e-01,1.701899999999999968e+00,3.899999999999999994e-02,1.941599999999999993e+00,6.779999999999999916e-02,-6.899999999999999883e-03,9.599999999999999159e-03
1.070200000000000040e+00,4.059999999999999720e-02,9.576000000000000068e-01,7.759000000000000341e-01,7.389000000000000012e-01,6.740000000000000435e-01,9.694000000000000394e-01,7.623999999999999666e-01,6.453999999999999737e-01,7.209999999999999742e-01,8.923999999999999710e-01,8.504000000000000448e-01
2.755000000000000226e-01,5.099999999999999672e-02,5.708999999999999631e-01,7.639999999999999569e-02,6.808999999999999497e-01,8.630000000000000171e-02,1.552000000000000046e+00,2.104999999999999927e-01,1.029000000000000054e-01,-1.243999999999999967e-01,4.730000000000000177e-02,-5.739999999999999963e-02
4.897000000000000242e-01,6.166000000000000369e-01,7.778000000000000469e-01,7.312999999999999501e-01,9.998000000000000220e-01,6.125000000000000444e-01,1.702800000000000091e+00,3.799999999999999906e-02,1.101000000000000034e-01,1.871499999999999941e+00,6.669999999999999540e-02,1.654300000000000104e+00
3.699000000000000066e-01,7.310999999999999721e-01,7.280999999999999694e-01,9.933999999999999497e-01,6.733999999999999986e-01,1.311099999999999932e+00,1.734799999999999898e+00,-5.499999999999999681e-03,1.185999999999999971e-01,1.858800000000000008e+00,-1.469999999999999953e-02,1.746299999999999963e+00
8.169999999999999485e-02,2.001000000000000001e-01,1.827999999999999903e-01,2.479999999999999982e-01,5.410000000000000225e-02,4.647999999999999909e-01,1.310000000000000053e-01,3.070999999999999841e-01,6.149999999999999911e-02,4.636000000000000121e-01,1.292000000000000093e-01,3.150000000000000022e-01
1.663000000000000034e-01,6.186000000000000387e-01,1.562000000000000055e-01,1.084300000000000042e+00,1.519000000000000072e-01,1.267800000000000038e+00,1.862000000000000044e-01,1.049099999999999921e+00,3.049999999999999933e-01,1.105299999999999949e+00,1.668999999999999928e-01,1.073600000000000110e+00
6.824000000000000066e-01,4.344000000000000083e-01,1.050699999999999967e+00,6.378000000000000336e-01,1.118400000000000061e+00,7.004000000000000226e-01,1.775099999999999900e+00,-5.319999999999999729e-02,1.875000000000000000e+00,1.441999999999999948e-01,3.939999999999999752e-02,1.686500000000000110e+00
4.146000000000000241e-01,4.599999999999999922e-02,7.304000000000000492e-01,4.780000000000000221e-02,8.894999999999999574e-01,-8.999999999999999754e-04,1.766899999999999915e+00,-4.179999999999999688e-02,1.940000000000000058e-02,-2.560000000000000123e-02,1.600000000000000077e-03,-2.099999999999999870e-03
1.066400000000000015e+00,5.059999999999999915e-02,4.351999999999999758e-01,1.309700000000000086e+00,3.315000000000000169e-01,1.332100000000000062e+00,4.689999999999999725e-01,1.277800000000000047e+00,4.949999999999999956e-01,1.028799999999999937e+00,4.516999999999999904e-01,1.293800000000000061e+00
3.064999999999999947e-01,4.802000000000000157e-01,5.440000000000000391e-01,6.744999999999999885e-01,5.245999999999999552e-01,8.794999999999999485e-01,4.652000000000000024e-01,7.693999999999999728e-01,5.638999999999999568e-01,8.569999999999999840e-01,4.734999999999999765e-01,7.587000000000000410e-01
1.335000000000000075e-01,9.647000000000000020e-01,4.819999999999999979e-02,1.051099999999999923e+00,1.408000000000000085e-01,6.784999999999999920e-01,3.629999999999999893e-02,1.068100000000000049e+00,7.969999999999999307e-02,7.308000000000000052e-01,1.640999999999999959e-01,9.179000000000000492e-01
4.580000000000000043e-02,9.043999999999999817e-01,3.931999999999999940e-01,8.614000000000000545e-01,5.322000000000000064e-01,8.430999999999999606e-01,1.675300000000000011e+00,6.230000000000000121e-02,3.500000000000000333e-02,1.957699999999999996e+00,-3.200000000000000153e-03,3.000000000000000062e-03
1.140700000000000047e+00,-4.549999999999999878e-02,9.416999999999999815e-01,7.775999999999999579e-01,7.075000000000000178e-01,5.759999999999999565e-01,8.198999999999999622e-01,9.227999999999999536e-01,6.979999999999999538e-01,5.391000000000000236e-01,9.479999999999999538e-01,7.681000000000000050e-01
-2.900000000000000147e-02,6.733000000000000096e-01,3.201999999999999846e-01,6.314999999999999503e-01,4.042999999999999927e-01,6.684999999999999831e-01,-7.370000000000000162e-02,1.813700000000000090e+00,1.228999999999999954e-01,1.851199999999999957e+00,4.170000000000000095e-02,-5.199999999999999761e-02
3.390000000000000235e-01,3.019999999999999907e-01,5.152999999999999803e-01,4.941999999999999726e-01,5.936000000000000165e-01,5.544999999999999929e-01,5.313999999999999835e-01,4.703999999999999848e-01,6.225000000000000533e-01,5.370000000000000329e-01,5.092999999999999750e-01,4.971999999999999753e-01
4.128000000000000003e-01,6.885999999999999899e-01,7.720000000000000195e-01,6.332999999999999741e-01,8.191000000000000503e-01,7.276000000000000245e-01,1.696900000000000075e+00,4.170000000000000095e-02,-1.399999999999999986e-03,1.999100000000000099e+00,-2.769999999999999893e-02,1.763800000000000034e+00
2.401000000000000079e-01,8.456000000000000183e-01,2.801000000000000156e-01,1.440499999999999892e+00,3.155999999999999917e-01,1.645199999999999996e+00,4.983000000000000207e-01,1.181999999999999940e+00,4.511000000000000010e-01,1.512999999999999901e+00,4.349000000000000088e-01,1.260299999999999976e+00
3.189999999999999780e-02,2.326999999999999902e-01,1.328999999999999904e-01,4.502999999999999781e-01,1.819999999999999951e-01,5.382000000000000117e-01,1.320000000000000062e-01,1.579700000000000104e+00,6.880000000000000004e-02,-8.450000000000000566e-02,-1.080000000000000057e-02,1.389999999999999916e-02
1.000000000000000021e-03,9.439999999999999503e-01,3.068000000000000171e-01,9.555000000000000160e-01,4.642000000000000015e-01,9.026999999999999469e-01,-1.151999999999999968e-01,1.865899999999999892e+00,-8.079999999999999682e-02,2.098800000000000221e+00,-8.500000000000000611e-03,1.020000000000000073e-02
2.449000000000000066e-01,1.484999999999999931e-01,1.748000000000000109e-01,3.989999999999999797e-02,7.900000000000000078e-02,1.228999999999999954e-01,1.638999999999999901e-01,5.249999999999999806e-02,1.907999999999999974e-01,-1.549999999999999989e-02,7.439999999999999392e-02,1.630999999999999950e-01
4.122000000000000108e-01,8.939999999999999336e-02,5.834000000000000297e-01,2.570999999999999952e-01,6.954000000000000181e-01,2.637999999999999790e-01,1.677400000000000002e+00,6.479999999999999649e-02,-2.700000000000000143e-03,2.000000000000000042e-03,1.870000000000000134e-02,-2.019999999999999921e-02
4.204999999999999849e-01,6.877999999999999670e-01,8.429999999999999993e-02,1.679499999999999993e+00,1.585000000000000020e-01,9.972999999999999643e-01,2.664000000000000257e-01,1.464800000000000102e+00,1.663000000000000034e-01,9.523000000000000353e-01,3.438999999999999835e-01,1.375299999999999967e+00
1.027500000000000080e+00,9.289999999999999647e-02,7.770000000000000240e-01,9.647000000000000020e-01,7.026999999999999913e-01,6.230999999999999872e-01,8.090000000000000524e-01,9.281000000000000361e-01,7.107999999999999874e-01,5.547999999999999599e-01,9.416999999999999815e-01,7.737000000000000544e-01
7.733999999999999764e-01,3.108000000000000207e-01,1.078300000000000036e+00,6.418000000000000371e-01,1.267099999999999893e+00,6.886999999999999789e-01,1.212800000000000100e+00,4.843999999999999972e-01,1.260899999999999910e+00,7.240999999999999659e-01,1.197799999999999976e+00,5.027000000000000357e-01
1.739999999999999880e-02,8.344000000000000306e-01,-7.069999999999999896e-02,1.251500000000000057e+00,4.490000000000000241e-02,1.250199999999999978e+00,-8.909999999999999865e-02,1.834799999999999986e+00,3.769999999999999740e-02,1.951999999999999957e+00,1.849999999999999908e-02,-2.100000000000000130e-02
1.160400000000000098e+00,-7.069999999999999896e-02,3.872999999999999776e-01,4.789999999999999813e-01,3.701999999999999735e-01,3.135000000000000009e-01,3.730999999999999872e-01,4.934000000000000052e-01,4.203999999999999959e-01,2.414999999999999925e-01,3.768000000000000238e-01,4.884000000000000008e-01
6.772000000000000242e-01,4.153000000000000025e-01,8.701999999999999735e-01,6.673000000000000043e-01,1.097599999999999909e+00,5.371000000000000218e-01,1.671399999999999997e+00,7.230000000000000315e-02,1.913399999999999990e+00,1.030999999999999972e-01,4.359999999999999987e-02,1.682099999999999929e+00
3.039000000000000035e-01,3.120999999999999885e-01,6.046000000000000263e-01,3.240000000000000102e-01,8.145999999999999908e-01,2.187999999999999945e-01,1.698900000000000077e+00,4.070000000000000007e-02,-9.370000000000000551e-02,2.104699999999999793e+00,-1.609999999999999973e-02,2.060000000000000026e-02
1.155699999999999950e+00,-5.859999999999999931e-02,3.912999999999999812e-01,1.361499999999999932e+00,4.193999999999999950e-01,8.175999999999999934e-01,4.429000000000000159e-01,1.295800000000000063e+00,4.218000000000000083e-01,7.673999999999999710e-01,4.722999999999999976e-01,1.270599999999999952e+00
5.927999999999999936e-01,5.221999999999999975e-01,1.003600000000000048e+00,4.578999999999999737e-01,1.078100000000000058e+00,5.070000000000000062e-01,1.647000000000000020e+00,9.859999999999999321e-02,2.106100000000000083e+00,-1.166999999999999982e-01,3.710000000000000103e-02,1.683300000000000018e+00
3.098000000000000198e-01,5.265999999999999570e-01,7.138999999999999790e-01,4.209999999999999853e-01,7.526000000000000467e-01,5.122999999999999776e-01,1.844200000000000061e+00,-1.275999999999999912e-01,4.159999999999999809e-02,1.950199999999999934e+00,3.559999999999999970e-02,-4.229999999999999732e-02
1.120500000000000052e+00,-1.250000000000000069e-02,4.273000000000000131e-01,1.304999999999999938e+00,4.001000000000000112e-01,1.568999999999999950e+00,5.606999999999999762e-01,1.152400000000000091e+00,4.132000000000000117e-01,1.340799999999999992e+00,3.840999999999999970e-01,1.354200000000000070e+00
6.989999999999999547e-01,3.967999999999999861e-01,1.746000000000000052e-01,6.363999999999999657e-01,2.240999999999999936e-01,4.210999999999999743e-01,3.194000000000000172e-01,4.642999999999999905e-01,2.154999999999999971e-01,4.168000000000000038e-01,4.041000000000000147e-01,3.629999999999999893e-01
7.275000000000000355e-01,8.799999999999999489e-02,1.026299999999999990e+00,2.772999999999999909e-01,1.203799999999999981e+00,2.711999999999999966e-01,1.026200000000000001e+00,2.688999999999999724e-01,1.253600000000000048e+00,2.343000000000000083e-01,9.782999999999999474e-01,3.307999999999999829e-01
2.520999999999999908e-01,5.208000000000000407e-01,4.873999999999999999e-01,6.130999999999999783e-01,7.096000000000000085e-01,4.927000000000000268e-01,1.693000000000000060e+00,4.669999999999999846e-02,2.249999999999999917e-02,1.967700000000000005e+00,1.409999999999999969e-02,-1.789999999999999925e-02
5.949999999999999734e-01,5.037000000000000366e-01,8.417999999999999927e-01,6.592999999999999972e-01,1.035600000000000076e+00,5.684000000000000163e-01,1.736199999999999966e+00,-4.000000000000000083e-03,1.998699999999999921e+00,2.899999999999999800e-03,7.449999999999999678e-02,1.641699999999999937e+00
1.041199999999999903e+00,7.689999999999999614e-02,3.428999999999999826e-01,5.131000000000000005e-01,4.082999999999999963e-01,2.562999999999999723e-01,4.456999999999999851e-01,3.871999999999999886e-01,3.685999999999999832e-01,2.874999999999999778e-01,4.200999999999999734e-01,4.195999999999999730e-01
4.894000000000000017e-01,2.321999999999999897e-01,9.444000000000000172e-01,1.598999999999999866e-01,1.136500000000000066e+00,1.100000000000000006e-01,9.969999999999999973e-01,9.400000000000000022e-02,1.083900000000000086e+00,1.925000000000000044e-01,9.986000000000000432e-01,9.700000000000000289e-02
6.940000000000000335e-02,4.495999999999999996e-01,3.860999999999999988e-01,4.430999999999999939e-01,5.082999999999999741e-01,4.420000000000000040e-01,1.722499999999999920e+00,8.000000000000000167e-03,-2.179999999999999993e-02,2.580000000000000002e-02,-1.260000000000000009e-02,1.529999999999999936e-02
-8.000000000000000383e-04,8.211000000000000520e-01,2.361000000000000043e-01,9.074999999999999734e-01,3.880000000000000115e-01,8.679000000000000048e-01,-2.060000000000000026e-02,1.757600000000000051e+00,-1.679999999999999896e-02,2.020599999999999952e+00,-5.399999999999999939e-02,6.579999999999999738e-02
3.620999999999999774e-01,3.947999999999999843e-01,5.814000000000000279e-01,5.090999999999999970e-01,7.370999999999999774e-01,4.621999999999999997e-01,1.827199999999999935e+00,-1.136999999999999955e-01,2.879999999999999921e-02,1.963999999999999968e+00,-9.400000000000000369e-03,1.209999999999999964e-02
1.239999999999999991e-01,9.871999999999999664e-01,1.695000000000000118e-01,5.125999999999999446e-01,1.270999999999999908e-01,4.343000000000000194e-01,1.379999999999999977e-02,6.953000000000000291e-01,2.270000000000000143e-02,5.462000000000000188e-01,1.373999999999999944e-01,5.482000000000000206e-01
6.177000000000000268e-01,1.426999999999999935e-01,9.623000000000000442e-01,1.016999999999999987e-01,1.102999999999999980e+00,7.799999999999999989e-02,1.600300000000000056e+00,1.562000000000000055e-01,1.871499999999999941e+00,1.531000000000000139e-01,2.210000000000000159e-02,-2.599999999999999881e-02
1.978000000000000036e-01,9.140000000000000346e-01,1.938000000000000000e-01,4.248000000000000109e-01,6.019999999999999657e-02,4.722000000000000086e-01,9.959999999999999409e-02,5.353999999999999870e-01,7.209999999999999742e-02,4.446999999999999842e-01,1.716999999999999915e-01,4.529000000000000248e-01
2.308999999999999941e-01,2.064000000000000001e-01,6.680000000000000382e-01,5.680000000000000326e-02,6.932000000000000384e-01,1.724999999999999867e-01,1.859699999999999909e+00,-1.524999999999999967e-01,-3.130000000000000143e-02,3.629999999999999893e-02,5.909999999999999976e-02,-7.019999999999999851e-02
3.464999999999999747e-01,1.600000000000000033e-01,6.633000000000000007e-01,1.569000000000000117e-01,7.640000000000000124e-01,1.792999999999999872e-01,1.622700000000000031e+00,1.280999999999999917e-01,1.859999999999999848e-02,-2.340000000000000066e-02,-2.299999999999999961e-03,2.000000000000000042e-03
3.988999999999999768e-01,3.064000000000000057e-01,7.601999999999999869e-01,3.139000000000000123e-01,7.549000000000000155e-01,4.913000000000000145e-01,6.895000000000000018e-01,3.997999999999999887e-01,6.526999999999999469e-01,6.348000000000000309e-01,6.298000000000000265e-01,4.729999999999999760e-01
2.562999999999999723e-01,6.221999999999999753e-01,3.699999999999999956e-01,1.010999999999999899e+00,4.776000000000000245e-01,1.086300000000000043e+00,4.205999999999999739e-01,9.524000000000000243e-01,4.445999999999999952e-01,1.143799999999999928e+00,3.689999999999999947e-01,1.014000000000000012e+00
6.356000000000000538e-01,4.043999999999999817e-01,8.278999999999999693e-01,8.315000000000000169e-01,9.619999999999999662e-01,9.261000000000000343e-01,8.209999999999999520e-01,8.397000000000000020e-01,1.001200000000000090e+00,9.082000000000000073e-01,8.057999999999999607e-01,8.572999999999999510e-01
4.733999999999999875e-01,3.225999999999999979e-01,7.320999999999999730e-01,5.213999999999999746e-01,6.301999999999999824e-01,8.344000000000000306e-01,7.167000000000000037e-01,5.399000000000000465e-01,8.024999999999999911e-01,6.485999999999999543e-01,7.317000000000000171e-01,5.185999999999999499e-01
4.451999999999999846e-01,4.062000000000000055e-01,7.953000000000000069e-01,5.247000000000000552e-01,7.304000000000000492e-01,8.045999999999999819e-01,7.099999999999999645e-01,6.177000000000000268e-01,8.594000000000000528e-01,6.744999999999999885e-01,7.237000000000000099e-01,6.055000000000000382e-01
3.387999999999999901e-01,3.895000000000000129e-01,4.675000000000000266e-01,6.854999999999999982e-01,4.922000000000000264e-01,8.274000000000000243e-01,5.060999999999999943e-01,6.372999999999999776e-01,6.460000000000000187e-01,6.686999999999999611e-01,4.678999999999999826e-01,6.875999999999999890e-01
7.939999999999999836e-02,7.657000000000000473e-01,3.943999999999999728e-01,7.672999999999999821e-01,4.722000000000000086e-01,8.129999999999999449e-01,1.623499999999999943e+00,1.295999999999999930e-01,1.565999999999999892e-01,1.815600000000000103e+00,8.909999999999999865e-02,-1.058000000000000052e-01
2.295999999999999985e-01,8.799999999999999489e-02,3.186999999999999833e-01,1.854999999999999982e-01,3.659999999999999920e-01,2.097999999999999865e-01,2.540999999999999925e-01,2.651999999999999913e-01,3.659000000000000030e-01,2.184000000000000108e-01,1.360000000000000098e-01,4.045000000000000262e-01
5.571000000000000396e-01,5.544000000000000039e-01,2.238999999999999879e-01,9.427999999999999714e-01,2.879999999999999782e-01,5.743000000000000327e-01,3.653000000000000136e-01,7.805999999999999606e-01,2.938000000000000056e-01,5.459000000000000519e-01,3.240999999999999992e-01,8.265000000000000124e-01
5.140000000000000124e-02,6.044000000000000483e-01,1.610000000000000042e-01,8.480999999999999650e-01,1.998999999999999944e-01,9.468999999999999639e-01,1.132999999999999979e-01,9.042000000000000037e-01,1.454999999999999905e-01,1.025900000000000034e+00,1.506000000000000116e-01,8.629000000000000004e-01
3.013000000000000123e-01,6.641000000000000236e-01,5.217000000000000526e-01,9.826000000000000290e-01,5.665000000000000036e-01,1.154199999999999893e+00,6.320000000000000062e-01,8.538999999999999924e-01,7.991000000000000325e-01,9.070000000000000284e-01,5.886000000000000121e-01,9.031000000000000139e-01
1.028399999999999981e+00,5.229999999999999927e-02,3.442000000000000060e-01,1.396500000000000075e+00,2.838999999999999857e-01,1.006799999999999917e+00,3.877999999999999781e-01,1.345499999999999918e+00,4.143999999999999906e-01,8.010000000000000453e-01,3.794000000000000150e-01,1.354100000000000081e+00
1.121499999999999941e+00,-2.199999999999999872e-02,5.810999999999999499e-01,1.162099999999999911e+00,5.564000000000000057e-01,5.510000000000000453e-01,6.498000000000000442e-01,1.077299999999999924e+00,4.685000000000000275e-01,6.165000000000000480e-01,5.802000000000000490e-01,1.157100000000000017e+00
2.703999999999999737e-01,8.443000000000000504e-01,6.167000000000000259e-01,8.324000000000000288e-01,7.812999999999999945e-01,7.781000000000000139e-01,1.633799999999999919e+00,1.169000000000000039e-01,-2.189999999999999933e-02,2.025999999999999801e+00,-8.870000000000000107e-02,1.835800000000000098e+00
5.950999999999999623e-01,4.877000000000000224e-01,8.185999999999999943e-01,8.972999999999999865e-01,8.961000000000000076e-01,1.057700000000000085e+00,6.304999999999999494e-01,1.118100000000000094e+00,8.322000000000000508e-01,1.168700000000000072e+00,7.579000000000000181e-01,9.701999999999999513e-01
9.760000000000000620e-02,1.366999999999999882e-01,1.786999999999999977e-01,1.816000000000000114e-01,9.869999999999999607e-02,3.316999999999999948e-01,7.080000000000000182e-02,3.091999999999999749e-01,1.655000000000000082e-01,2.587999999999999745e-01,1.026999999999999996e-01,2.720000000000000195e-01
9.810000000000000664e-02,5.789999999999999591e-01,2.610000000000000167e-02,1.055299999999999905e+00,1.203999999999999931e-01,1.094799999999999995e+00,1.193000000000000033e-01,9.473000000000000309e-01,1.539000000000000090e-01,1.071499999999999897e+00,1.486999999999999988e-01,9.103999999999999870e-01
1.150900000000000034e+00,-5.330000000000000016e-02,8.147999999999999687e-01,1.711999999999999911e-01,6.774999999999999911e-01,8.840000000000000635e-02,8.537000000000000144e-01,1.242999999999999938e-01,6.137000000000000233e-01,1.453000000000000125e-01,7.788000000000000478e-01,2.154000000000000081e-01
-5.630000000000000282e-02,9.848000000000000087e-01,1.350999999999999979e-01,1.084000000000000075e+00,6.650000000000000355e-02,1.297099999999999920e+00,8.909999999999999865e-02,1.622999999999999998e+00,6.429999999999999605e-02,1.925100000000000033e+00,4.000000000000000192e-04,-5.999999999999999474e-04
1.074000000000000066e+00,4.070000000000000007e-02,4.828000000000000069e-01,1.259400000000000075e+00,3.677000000000000268e-01,1.607299999999999951e+00,4.677999999999999936e-01,1.268899999999999917e+00,5.239000000000000323e-01,1.195599999999999996e+00,4.787000000000000144e-01,1.261600000000000055e+00
1.262999999999999956e-01,6.105000000000000426e-01,2.655000000000000138e-01,8.748000000000000220e-01,2.336000000000000021e-01,1.076799999999999979e+00,1.832999999999999907e-01,9.726000000000000201e-01,3.004000000000000004e-01,1.016499999999999959e+00,1.962000000000000133e-01,9.532000000000000473e-01
