3.315000000000000169e-01,2.156000000000000139e-01,6.802000000000000268e-01,1.433999999999999997e-01,6.824999999999999956e-01,2.720000000000000195e-01,6.222999999999999643e-01,2.091999999999999971e-01,7.961000000000000298e-01,1.529999999999999971e-01,5.856000000000000094e-01,2.572999999999999732e-01
1.106899999999999995e+00,-1.500000000000000031e-03,1.787099999999999911e+00,-7.230000000000000315e-02,1.038899999999999935e+00,7.086000000000000076e-01,1.672800000000000065e+00,7.009999999999999565e-02,1.008299999999999974e+00,5.900999999999999579e-01,1.740499999999999936e+00,-1.880000000000000074e-02
8.812999999999999723e-01,2.321000000000000008e-01,4.637000000000000011e-01,1.116999999999999937e-01,2.748999999999999777e-01,2.270000000000000073e-01,4.328000000000000180e-01,1.496999999999999997e-01,3.222999999999999754e-01,1.589000000000000135e-01,4.638999999999999790e-01,1.134000000000000008e-01
1.640999999999999959e-01,5.116000000000000547e-01,5.403999999999999915e-01,4.425000000000000044e-01,5.521000000000000352e-01,5.661000000000000476e-01,1.699300000000000033e+00,3.610000000000000014e-02,2.809999999999999998e-02,1.964299999999999935e+00,6.130000000000000032e-02,-7.280000000000000360e-02
4.477999999999999758e-01,-1.399999999999999986e-03,6.501000000000000112e-01,6.110000000000000153e-02,7.771000000000000130e-01,2.589999999999999941e-02,6.716999999999999638e-01,3.059999999999999873e-02,7.627000000000000446e-01,5.249999999999999806e-02,6.492999999999999883e-01,5.720000000000000084e-02
7.302999999999999492e-01,3.719999999999999973e-01,3.489999999999999769e-01,6.099999999999999867e-01,2.787999999999999923e-01,4.756000000000000227e-01,2.771000000000000130e-01,6.963000000000000300e-01,3.089999999999999969e-01,4.240999999999999770e-01,2.837000000000000077e-01,6.863000000000000211e-01
5.140000000000000124e-02,1.062500000000000000e+00,3.939999999999999752e-02,4.117999999999999994e-01,-8.999999999999999320e-03,4.001000000000000112e-01,1.313999999999999890e-01,3.037000000000000255e-01,7.130000000000000226e-02,2.978000000000000091e-01,7.099999999999999367e-02,3.778000000000000247e-01
1.205999999999999989e-01,5.177000000000000490e-01,2.957000000000000184e-01,6.814999999999999947e-01,2.741999999999999993e-01,8.485000000000000320e-01,2.064000000000000001e-01,7.864999999999999769e-01,3.212999999999999745e-01,8.104000000000000092e-01,2.373999999999999999e-01,7.500000000000000000e-01
5.747999999999999776e-01,1.579000000000000126e-01,9.100000000000000311e-01,2.326000000000000012e-01,9.979999999999999982e-01,3.140999999999999903e-01,9.006999999999999451e-01,2.419000000000000039e-01,9.728999999999999870e-01,3.628000000000000114e-01,8.941999999999999948e-01,2.515000000000000013e-01
7.006999999999999895e-01,3.733000000000000207e-01,9.031000000000000139e-01,7.899000000000000465e-01,1.038899999999999935e+00,7.671000000000000041e-01,1.784000000000000030e+00,-5.929999999999999855e-02,2.500000000000000139e-02,1.970800000000000107e+00,2.790000000000000119e-02,1.699699999999999989e+00
-5.859999999999999931e-02,7.000000000000000666e-02,2.469000000000000083e-01,5.639999999999999875e-02,2.655000000000000138e-01,1.748000000000000109e-01,-4.000000000000000083e-03,5.899999999999999863e-03,2.730000000000000135e-02,-3.150000000000000022e-02,5.899999999999999863e-03,-7.100000000000000408e-03
4.580000000000000043e-02,5.139000000000000234e-01,-1.839999999999999969e-02,3.195999999999999952e-01,-3.710000000000000103e-02,3.004000000000000004e-01,9.080000000000000571e-02,1.905000000000000027e-01,-1.389999999999999916e-02,2.675000000000000155e-01,1.529999999999999936e-02,2.785000000000000253e-01
6.869999999999999718e-02,6.445999999999999508e-01,4.410000000000000031e-01,5.698999999999999622e-01,4.880999999999999783e-01,6.571000000000000174e-01,1.674199999999999910e+00,6.729999999999999871e-02,1.859999999999999848e-02,1.976099999999999968e+00,2.750000000000000014e-02,-3.180000000000000188e-02
1.837999999999999912e-01,9.222000000000000197e-01,1.668000000000000038e-01,8.231000000000000538e-01,1.092999999999999944e-01,6.644999999999999796e-01,1.597000000000000086e-01,8.303000000000000380e-01,1.603999999999999870e-01,5.898999999999999799e-01,1.905000000000000027e-01,7.934999999999999831e-01
2.765000000000000235e-01,5.445999999999999730e-01,4.057999999999999940e-01,8.791999999999999815e-01,5.765000000000000124e-01,8.749000000000000110e-01,4.497999999999999776e-01,8.380999999999999561e-01,6.530000000000000249e-01,8.067999999999999616e-01,4.016000000000000125e-01,8.953999999999999737e-01
4.178000000000000047e-01,5.168000000000000371e-01,5.406999999999999584e-01,9.437999999999999723e-01,6.522999999999999909e-01,1.029500000000000082e+00,6.213999999999999524e-01,8.466000000000000192e-01,7.659000000000000252e-01,9.212000000000000188e-01,5.443999999999999950e-01,9.391000000000000458e-01
4.732000000000000095e-01,3.045999999999999819e-01,6.683000000000000052e-01,4.455000000000000071e-01,8.094999999999999973e-01,4.223999999999999977e-01,1.736499999999999932e+00,1.299999999999999940e-03,3.189999999999999780e-02,1.963999999999999968e+00,-2.399999999999999790e-03,3.500000000000000073e-03
1.116900000000000004e+00,-1.099999999999999936e-02,1.668299999999999894e+00,7.910000000000000364e-02,1.079599999999999893e+00,2.620000000000000107e-02,1.753600000000000048e+00,-3.070000000000000159e-02,9.316999999999999726e-01,1.613999999999999879e-01,1.719400000000000039e+00,1.679999999999999896e-02
5.424999999999999822e-01,5.662000000000000366e-01,4.064999999999999725e-01,7.118999999999999773e-01,1.688000000000000056e-01,7.062000000000000499e-01,3.221999999999999864e-01,8.159999999999999476e-01,7.430000000000000493e-02,7.979000000000000536e-01,1.885000000000000009e-01,9.740999999999999659e-01
8.350000000000000477e-02,5.562000000000000277e-01,-2.359999999999999945e-02,9.989999999999999991e-01,1.625000000000000056e-01,8.985999999999999543e-01,-2.440000000000000155e-02,1.758699999999999930e+00,9.700000000000000289e-02,1.884700000000000042e+00,-6.000000000000000125e-03,8.399999999999999481e-03
7.364000000000000545e-01,3.605999999999999761e-01,3.378999999999999782e-01,1.395599999999999952e+00,3.809000000000000163e-01,6.602000000000000091e-01,3.741999999999999771e-01,1.349900000000000100e+00,2.766000000000000125e-01,7.495000000000000551e-01,3.452999999999999958e-01,1.385799999999999921e+00
1.012299999999999978e+00,9.170000000000000373e-02,1.274499999999999966e+00,4.656000000000000139e-01,1.394300000000000095e+00,5.197000000000000508e-01,1.596500000000000030e+00,1.580000000000000016e-01,1.963400000000000034e+00,4.469999999999999668e-02,-3.710000000000000103e-02,1.775800000000000045e+00
3.592000000000000193e-01,1.203000000000000042e-01,5.896000000000000130e-01,1.628000000000000003e-01,7.069999999999999618e-01,1.390000000000000124e-01,6.235000000000000542e-01,1.223999999999999949e-01,6.721000000000000307e-01,1.971999999999999864e-01,6.086000000000000298e-01,1.439000000000000001e-01
-2.200000000000000133e-03,4.328000000000000180e-01,9.619999999999999385e-02,5.565999999999999837e-01,1.032000000000000001e-01,6.397000000000000464e-01,7.779999999999999416e-02,5.798999999999999710e-01,1.418000000000000094e-01,6.059999999999999831e-01,1.540000000000000049e-02,6.525999999999999579e-01
-3.969999999999999918e-02,8.652999999999999581e-01,2.489999999999999852e-02,1.106400000000000050e+00,1.539000000000000090e-01,1.077599999999999891e+00,2.170000000000000054e-02,1.703100000000000058e+00,-3.389999999999999958e-02,2.043400000000000105e+00,4.889999999999999902e-02,-5.940000000000000141e-02
1.151399999999999979e+00,-5.380000000000000060e-02,5.145999999999999464e-01,1.212199999999999944e+00,4.147000000000000131e-01,8.332000000000000517e-01,5.306999999999999496e-01,1.194600000000000106e+00,3.870000000000000107e-01,8.223000000000000309e-01,5.729999999999999538e-01,1.144800000000000040e+00
8.890000000000000679e-02,1.325000000000000067e-01,4.073999999999999844e-01,1.243999999999999967e-01,5.965000000000000302e-01,4.449999999999999789e-02,1.626600000000000046e+00,1.234999999999999987e-01,-4.290000000000000063e-02,5.310000000000000137e-02,4.769999999999999934e-02,-5.700000000000000205e-02
4.052000000000000046e-01,3.130999999999999894e-01,6.783000000000000140e-01,4.435999999999999943e-01,7.699000000000000288e-01,5.070999999999999952e-01,6.499000000000000332e-01,4.774999999999999800e-01,8.499999999999999778e-01,4.314000000000000057e-01,7.181999999999999496e-01,3.958999999999999742e-01
9.569999999999999341e-02,2.973999999999999977e-01,4.062000000000000055e-01,1.635000000000000064e-01,4.606999999999999984e-01,1.812000000000000000e-01,3.996000000000000107e-01,1.671999999999999875e-01,4.820999999999999730e-01,1.683000000000000052e-01,3.296000000000000041e-01,2.545999999999999930e-01
1.056799999999999962e+00,5.609999999999999709e-02,9.276999999999999691e-01,3.840000000000000080e-01,7.862000000000000099e-01,1.421000000000000041e-01,9.046999999999999487e-01,4.087999999999999967e-01,7.154000000000000359e-01,1.976999999999999869e-01,9.725000000000000311e-01,3.286000000000000032e-01
2.916000000000000258e-01,8.154000000000000137e-01,2.495999999999999885e-01,7.557000000000000384e-01,7.570000000000000340e-02,7.301999999999999602e-01,2.293000000000000038e-01,7.796999999999999487e-01,1.223000000000000059e-01,6.540000000000000258e-01,1.638999999999999901e-01,8.589999999999999858e-01
2.306999999999999884e-01,7.520999999999999908e-01,4.214999999999999858e-01,8.968000000000000416e-01,4.894999999999999907e-01,9.583000000000000407e-01,1.706199999999999939e+00,3.009999999999999828e-02,2.510000000000000078e-02,1.976099999999999968e+00,5.129999999999999838e-02,-5.990000000000000185e-02
1.098600000000000021e+00,1.060000000000000005e-02,1.170199999999999907e+00,5.679999999999999494e-01,8.731999999999999762e-01,2.272000000000000131e-01,1.142800000000000038e+00,5.946000000000000174e-01,8.218999999999999639e-01,2.528000000000000247e-01,1.195699999999999985e+00,5.319000000000000394e-01
1.142700000000000049e+00,-4.399999999999999745e-02,8.870000000000000107e-01,1.008000000000000007e-01,7.355000000000000426e-01,2.939999999999999905e-02,9.659999999999999698e-01,8.200000000000000691e-03,6.764999999999999902e-01,7.799999999999999989e-02,1.012499999999999956e+00,-4.359999999999999987e-02
1.147599999999999953e+00,-4.769999999999999934e-02,6.602999999999999980e-01,5.888999999999999790e-01,4.981999999999999762e-01,4.222000000000000197e-01,6.574999999999999734e-01,5.907000000000000028e-01,5.040999999999999925e-01,3.874000000000000221e-01,5.850999999999999535e-01,6.788999999999999480e-01
1.101199999999999957e+00,7.300000000000000065e-03,8.426000000000000156e-01,1.042000000000000010e-01,6.891000000000000458e-01,5.539999999999999786e-02,9.468999999999999639e-01,-1.899999999999999953e-02,7.681999999999999940e-01,-6.169999999999999790e-02,8.741999999999999771e-01,6.579999999999999738e-02
3.173000000000000265e-01,1.439000000000000001e-01,4.652000000000000024e-01,2.671999999999999931e-01,4.717999999999999972e-01,3.731999999999999762e-01,4.223999999999999977e-01,3.185999999999999943e-01,5.422000000000000153e-01,2.998000000000000109e-01,4.661000000000000143e-01,2.660000000000000142e-01
1.841000000000000136e-01,9.089000000000000412e-01,9.619999999999999385e-02,1.631699999999999928e+00,3.059999999999999873e-02,1.153200000000000003e+00,4.420000000000000318e-02,1.694199999999999928e+00,1.439999999999999961e-02,1.136600000000000055e+00,9.729999999999999760e-02,1.630200000000000093e+00
5.029999999999999749e-02,4.673999999999999821e-01,7.340000000000000691e-02,7.642999999999999794e-01,2.044999999999999873e-01,7.558000000000000274e-01,-4.599999999999999922e-03,1.736499999999999932e+00,-6.460000000000000464e-02,7.549999999999999767e-02,-1.480000000000000066e-02,1.930000000000000118e-02
7.495000000000000551e-01,3.638000000000000123e-01,3.086999999999999744e-01,7.131999999999999451e-01,2.288999999999999924e-01,5.704000000000000181e-01,4.012999999999999901e-01,5.987000000000000099e-01,4.147000000000000131e-01,3.337999999999999856e-01,3.795000000000000040e-01,6.300000000000000044e-01
2.356000000000000039e-01,2.607999999999999763e-01,3.491000000000000214e-01,4.312000000000000277e-01,5.014999999999999458e-01,3.655999999999999805e-01,3.259000000000000230e-01,4.588999999999999746e-01,3.623000000000000109e-01,5.480000000000000426e-01,3.415000000000000258e-01,4.390999999999999903e-01
3.694999999999999951e-01,7.475000000000000533e-01,7.177999999999999936e-01,7.092000000000000526e-01,8.749000000000000110e-01,6.675999999999999712e-01,1.719999999999999973e+00,6.400000000000000307e-03,-9.799999999999999684e-03,2.015000000000000124e+00,5.229999999999999927e-02,1.671599999999999975e+00
4.088999999999999857e-01,3.129000000000000115e-01,5.581000000000000405e-01,5.068000000000000282e-01,8.137999999999999678e-01,3.462000000000000077e-01,1.677899999999999947e+00,6.840000000000000246e-02,2.079999999999999905e-02,1.973999999999999977e+00,-2.290000000000000022e-02,2.709999999999999909e-02
6.690000000000000113e-02,1.032999999999999918e+00,5.469999999999999862e-02,4.184999999999999831e-01,6.779999999999999916e-02,3.254000000000000226e-01,1.660000000000000017e-02,4.632000000000000006e-01,3.370000000000000079e-02,3.635999999999999788e-01,6.199999999999999782e-03,4.806000000000000272e-01
8.172000000000000375e-01,2.907000000000000139e-01,3.780999999999999917e-01,1.356400000000000050e+00,3.830999999999999961e-01,1.575800000000000090e+00,5.062999999999999723e-01,1.203100000000000058e+00,3.231999999999999873e-01,1.481600000000000028e+00,5.605999999999999872e-01,1.139899999999999913e+00
6.300999999999999934e-01,4.747999999999999998e-01,4.007999999999999896e-01,9.958000000000000185e-01,2.741000000000000103e-01,6.978999999999999648e-01,3.320000000000000173e-01,1.073399999999999910e+00,3.437999999999999945e-01,5.907999999999999918e-01,3.195999999999999952e-01,1.086799999999999988e+00
2.795000000000000262e-01,5.917999999999999927e-01,4.381999999999999784e-01,9.261000000000000343e-01,5.119000000000000217e-01,1.035300000000000109e+00,4.692999999999999949e-01,8.913999999999999702e-01,5.576999999999999735e-01,1.006299999999999972e+00,3.826999999999999846e-01,9.897000000000000242e-01
4.166000000000000258e-01,-2.610000000000000167e-02,7.157999999999999918e-01,-8.600000000000000006e-03,8.091000000000000414e-01,2.500000000000000139e-02,1.774000000000000021e+00,-4.669999999999999846e-02,-6.199999999999999782e-03,6.799999999999999621e-03,-6.669999999999999540e-02,7.770000000000000517e-02
8.463000000000000522e-01,1.474999999999999922e-01,1.383299999999999974e+00,1.658999999999999919e-01,1.409399999999999986e+00,3.870999999999999996e-01,1.235999999999999988e+00,3.423999999999999821e-01,1.439400000000000013e+00,3.775000000000000022e-01,1.240399999999999947e+00,3.315000000000000169e-01
4.229999999999999871e-01,6.179999999999999938e-01,6.666999999999999593e-01,9.599999999999999645e-01,8.423000000000000487e-01,9.990999999999999881e-01,6.821000000000000396e-01,9.383000000000000229e-01,7.610000000000000098e-01,1.118300000000000072e+00,6.836999999999999744e-01,9.371000000000000441e-01
1.075399999999999912e+00,3.379999999999999671e-02,7.599000000000000199e-01,9.807000000000000162e-01,6.185000000000000497e-01,7.502999999999999670e-01,8.008999999999999453e-01,9.345999999999999863e-01,6.739000000000000545e-01,6.284999999999999476e-01,8.538999999999999924e-01,8.722999999999999643e-01
3.339999999999999913e-02,9.059999999999999998e-02,1.527999999999999914e-01,2.821000000000000174e-01,2.777999999999999914e-01,2.701999999999999957e-01,3.839999999999999664e-02,1.689500000000000002e+00,8.329999999999999905e-02,-1.008000000000000007e-01,7.789999999999999702e-02,-9.420000000000000595e-02
3.351000000000000090e-01,4.388000000000000234e-01,4.205999999999999739e-01,8.097999999999999643e-01,5.919999999999999707e-01,7.923999999999999932e-01,4.708999999999999853e-01,7.497000000000000330e-01,6.009999999999999787e-01,8.064999999999999947e-01,4.283000000000000140e-01,8.026999999999999691e-01
2.742999999999999883e-01,2.706999999999999962e-01,5.181999999999999940e-01,3.225999999999999979e-01,6.575999999999999623e-01,2.817000000000000060e-01,4.334000000000000075e-01,4.222000000000000197e-01,5.786000000000000032e-01,3.968999999999999750e-01,5.792000000000000481e-01,2.489999999999999991e-01
6.988999999999999657e-01,3.993999999999999773e-01,1.083099999999999952e+00,3.311999999999999944e-01,1.074000000000000066e+00,4.910999999999999810e-01,1.831800000000000095e+00,-1.164000000000000035e-01,2.058699999999999974e+00,-6.400000000000000133e-02,3.980000000000000204e-02,1.682900000000000063e+00
2.404999999999999916e-01,4.123999999999999888e-01,3.764000000000000123e-01,6.427000000000000490e-01,4.999000000000000110e-01,6.474999999999999645e-01,4.117000000000000104e-01,5.977999999999999980e-01,4.727999999999999980e-01,6.944000000000000172e-01,4.349000000000000088e-01,5.750999999999999446e-01
3.684999999999999942e-01,6.323999999999999622e-01,7.840000000000000302e-01,5.155999999999999472e-01,8.287999999999999812e-01,6.058999999999999941e-01,1.723100000000000076e+00,1.340000000000000045e-02,-3.699999999999999817e-02,2.044700000000000184e+00,-1.218999999999999945e-01,1.448000000000000120e-01
1.797999999999999876e-01,2.871000000000000218e-01,3.084999999999999964e-01,4.197000000000000175e-01,3.603000000000000091e-01,4.645000000000000240e-01,2.506999999999999784e-01,4.863000000000000100e-01,3.400000000000000244e-01,5.030000000000000027e-01,3.426000000000000156e-01,3.775999999999999912e-01
-1.810000000000000150e-02,6.915999999999999925e-01,2.449000000000000066e-01,7.358999999999999986e-01,4.121000000000000218e-01,6.803000000000000158e-01,-6.350000000000000089e-02,1.805700000000000083e+00,7.399999999999999634e-02,1.915100000000000025e+00,2.489999999999999852e-02,-2.860000000000000042e-02
4.138000000000000012e-01,5.767999999999999794e-01,7.692999999999999838e-01,5.242999999999999883e-01,9.691999999999999504e-01,4.379000000000000115e-01,1.802999999999999936e+00,-8.240000000000000102e-02,6.049999999999999822e-02,1.930600000000000094e+00,-1.340000000000000045e-02,1.409999999999999969e-02
2.881000000000000227e-01,5.879999999999999671e-01,6.085000000000000409e-01,5.807999999999999829e-01,7.821000000000000174e-01,5.208000000000000407e-01,1.687500000000000000e+00,5.650000000000000161e-02,-1.155999999999999944e-01,2.135099999999999998e+00,-2.450000000000000094e-02,2.659999999999999865e-02
3.521000000000000241e-01,3.844000000000000195e-01,5.984000000000000430e-01,5.504000000000000004e-01,6.438000000000000389e-01,6.687999999999999501e-01,6.585999999999999632e-01,4.783999999999999919e-01,6.964000000000000190e-01,6.263999999999999568e-01,5.052999999999999714e-01,6.582999999999999963e-01
4.835999999999999743e-01,3.774000000000000132e-01,8.732999999999999652e-01,2.824999999999999734e-01,9.310000000000000497e-01,3.549999999999999822e-01,1.847399999999999931e+00,-1.350000000000000089e-01,-6.379999999999999560e-02,2.077500000000000124e+00,-3.200000000000000153e-03,5.300000000000000024e-03
1.136600000000000055e+00,-3.860000000000000236e-02,7.026000000000000023e-01,6.383999999999999675e-01,4.141000000000000236e-01,5.616999999999999771e-01,6.621000000000000218e-01,6.824999999999999956e-01,6.124000000000000554e-01,3.018000000000000127e-01,7.418000000000000149e-01,5.917000000000000037e-01
5.665999999999999925e-01,5.338000000000000522e-01,2.767000000000000015e-01,1.301500000000000101e+00,2.398000000000000131e-01,7.728000000000000425e-01,2.772000000000000020e-01,1.298300000000000010e+00,2.389999999999999902e-01,7.462999999999999634e-01,3.174000000000000155e-01,1.256699999999999928e+00
