5.183999999999999719e-01,2.283000000000000029e-01,5.300000000000000266e-01,6.884000000000000119e-01,7.456000000000000405e-01,6.170999999999999819e-01,6.136000000000000343e-01,5.927999999999999936e-01,7.678000000000000380e-01,6.129999999999999893e-01,6.704999999999999849e-01,5.201999999999999957e-01
1.083700000000000108e+00,2.939999999999999905e-02,6.674999999999999822e-01,5.421000000000000263e-01,5.040000000000000036e-01,3.996999999999999997e-01,7.270999999999999686e-01,4.672999999999999932e-01,6.060999999999999721e-01,2.525999999999999912e-01,7.956999999999999629e-01,3.860999999999999988e-01
6.519999999999999407e-02,4.575000000000000178e-01,5.170000000000000151e-01,2.899999999999999800e-01,6.257000000000000339e-01,3.040999999999999814e-01,1.700700000000000101e+00,3.409999999999999837e-02,-1.699999999999999905e-03,2.399999999999999790e-03,-4.429999999999999910e-02,5.269999999999999685e-02
3.425000000000000266e-01,1.698999999999999955e-01,6.038999999999999924e-01,1.852999999999999925e-01,5.607999999999999652e-01,3.605999999999999761e-01,5.747999999999999776e-01,2.184999999999999998e-01,6.061999999999999611e-01,3.205000000000000071e-01,4.801000000000000267e-01,3.312999999999999834e-01
5.143999999999999684e-01,7.100000000000000408e-03,7.309999999999999831e-01,1.165999999999999953e-01,8.437999999999999945e-01,1.292000000000000093e-01,1.745400000000000063e+00,-2.040000000000000147e-02,5.240000000000000213e-02,-6.219999999999999835e-02,2.000000000000000096e-04,-1.199999999999999895e-03
-9.199999999999999845e-03,6.615999999999999659e-01,5.079999999999999793e-02,9.116999999999999549e-01,1.766999999999999960e-01,9.074999999999999734e-01,2.000000000000000042e-02,1.709799999999999986e+00,-6.339999999999999802e-02,2.076700000000000212e+00,-2.019999999999999921e-02,2.450000000000000094e-02
1.190800000000000081e+00,-9.959999999999999409e-02,3.961000000000000076e-01,1.285800000000000054e+00,3.905000000000000138e-01,6.359000000000000208e-01,4.425999999999999934e-01,1.233500000000000041e+00,3.446000000000000174e-01,6.613999999999999879e-01,4.912000000000000255e-01,1.179999999999999938e+00
4.050000000000000128e-02,9.263000000000000123e-01,3.432000000000000051e-01,9.407999999999999696e-01,4.825999999999999734e-01,9.161000000000000254e-01,-1.619999999999999912e-02,1.747900000000000009e+00,-1.529999999999999936e-02,2.022200000000000220e+00,6.260000000000000286e-02,-7.430000000000000493e-02
4.979999999999999982e-01,5.100000000000000089e-01,8.111000000000000432e-01,5.114999999999999547e-01,8.699999999999999956e-01,5.826000000000000068e-01,1.682700000000000085e+00,5.569999999999999951e-02,7.700000000000000247e-03,1.987000000000000099e+00,3.500000000000000333e-02,-4.179999999999999688e-02
1.123999999999999999e-01,4.549000000000000266e-01,1.585000000000000020e-01,7.362999999999999545e-01,7.679999999999999327e-02,9.627999999999999892e-01,1.011999999999999983e-01,8.068999999999999506e-01,9.650000000000000244e-02,9.526999999999999913e-01,1.244999999999999996e-01,7.762999999999999901e-01
1.100700000000000012e+00,5.799999999999999600e-03,5.735000000000000098e-01,5.507999999999999563e-01,4.843000000000000083e-01,3.643000000000000127e-01,5.151000000000000023e-01,6.179000000000000048e-01,4.243999999999999995e-01,4.097999999999999976e-01,6.193999999999999506e-01,4.928000000000000158e-01
8.863999999999999657e-01,1.600000000000000077e-03,1.375199999999999978e+00,2.019999999999999921e-02,1.571499999999999897e+00,1.050000000000000065e-02,1.415499999999999980e+00,-3.189999999999999780e-02,1.655200000000000005e+00,-6.189999999999999669e-02,1.409499999999999975e+00,-2.719999999999999848e-02
9.139999999999999514e-02,5.724000000000000199e-01,3.503999999999999893e-01,6.380000000000000115e-01,4.148000000000000020e-01,7.027999999999999803e-01,1.752299999999999969e+00,-2.259999999999999856e-02,-2.290000000000000022e-02,2.024300000000000210e+00,-1.770000000000000046e-02,1.909999999999999892e-02
1.028499999999999970e+00,2.200000000000000133e-03,1.519099999999999895e+00,1.152999999999999997e-01,1.891399999999999970e+00,-6.679999999999999827e-02,1.574600000000000000e+00,4.710000000000000298e-02,1.882900000000000018e+00,-2.460000000000000034e-02,1.660199999999999898e+00,-5.800000000000000294e-02
2.963999999999999968e-01,2.838999999999999857e-01,3.532000000000000139e-01,5.773000000000000353e-01,4.329000000000000070e-01,6.187000000000000277e-01,3.321999999999999953e-01,6.025000000000000355e-01,4.203999999999999959e-01,6.565999999999999615e-01,3.175000000000000044e-01,6.180999999999999828e-01
7.824999999999999734e-01,9.249999999999999889e-02,1.127899999999999903e+00,2.561999999999999833e-01,1.325700000000000101e+00,2.437000000000000000e-01,1.183100000000000041e+00,1.953999999999999904e-01,1.290499999999999980e+00,3.130000000000000004e-01,1.240499999999999936e+00,1.252999999999999947e-01
2.759999999999999953e-02,1.086799999999999988e+00,-4.250000000000000305e-02,5.219000000000000306e-01,3.250000000000000111e-02,3.607000000000000206e-01,2.460000000000000034e-02,4.429000000000000159e-01,8.690000000000000502e-02,2.858999999999999875e-01,-1.100000000000000066e-03,4.726000000000000201e-01
5.023999999999999577e-01,5.638999999999999568e-01,7.328000000000000069e-01,9.492000000000000437e-01,8.707000000000000295e-01,1.036399999999999988e+00,6.173999999999999488e-01,1.084500000000000020e+00,8.036999999999999700e-01,1.142800000000000038e+00,7.793999999999999817e-01,8.958000000000000407e-01
2.452999999999999903e-01,4.808000000000000052e-01,4.854999999999999871e-01,6.342999999999999750e-01,6.267000000000000348e-01,6.316000000000000503e-01,5.034999999999999476e-01,6.099999999999999867e-01,6.371999999999999886e-01,6.430000000000000160e-01,4.381999999999999784e-01,6.837999999999999634e-01
4.576000000000000068e-01,6.481000000000000094e-01,8.841999999999999860e-01,6.653999999999999915e-01,8.399999999999999689e-01,8.585000000000000409e-01,1.776799999999999935e+00,-5.000000000000000278e-02,-2.599999999999999881e-02,2.027400000000000091e+00,-3.769999999999999740e-02,1.776599999999999957e+00
3.338999999999999746e-01,6.875000000000000000e-01,4.557999999999999829e-01,1.153399999999999981e+00,6.171999999999999709e-01,1.191999999999999948e+00,5.502000000000000224e-01,1.038799999999999946e+00,6.201999999999999735e-01,1.225200000000000067e+00,5.810999999999999499e-01,1.007600000000000051e+00
9.423000000000000265e-01,8.490000000000000324e-02,1.512499999999999956e+00,9.520000000000000684e-02,1.424700000000000077e+00,4.485999999999999988e-01,1.395899999999999919e+00,2.258999999999999897e-01,1.504799999999999915e+00,3.934000000000000274e-01,1.365399999999999947e+00,2.641000000000000014e-01
1.177799999999999958e+00,-8.269999999999999574e-02,1.425000000000000044e+00,2.889999999999999861e-02,1.075299999999999923e+00,-1.024999999999999939e-01,1.426900000000000057e+00,3.189999999999999780e-02,9.603000000000000425e-01,8.000000000000000383e-04,1.419000000000000039e+00,4.170000000000000095e-02
1.700000000000000122e-01,9.435999999999999943e-01,1.486000000000000099e-01,1.091900000000000093e+00,5.419999999999999818e-02,8.649999999999999911e-01,2.837000000000000077e-01,9.305999999999999828e-01,1.378000000000000058e-01,7.436000000000000387e-01,1.411999999999999922e-01,1.099299999999999944e+00
4.159999999999999809e-02,2.492000000000000048e-01,3.629999999999999893e-02,5.777999999999999803e-01,2.427999999999999881e-01,4.729999999999999760e-01,-2.500000000000000052e-03,1.733400000000000052e+00,-5.519999999999999907e-02,6.750000000000000444e-02,4.880000000000000310e-02,-5.870000000000000218e-02
4.560000000000000164e-01,6.667999999999999483e-01,9.032999999999999918e-01,7.476000000000000423e-01,1.013600000000000056e+00,7.590000000000000080e-01,1.754299999999999971e+00,-2.050000000000000086e-02,1.967200000000000060e+00,3.599999999999999728e-02,-5.360000000000000181e-02,1.796699999999999964e+00
-3.529999999999999805e-02,9.139000000000000457e-01,3.109000000000000097e-01,8.767000000000000348e-01,3.875000000000000111e-01,9.291000000000000369e-01,1.760000000000000106e-02,1.708499999999999908e+00,5.190000000000000169e-02,1.937300000000000022e+00,-2.270000000000000143e-02,2.460000000000000034e-02
5.269999999999999685e-02,4.620000000000000218e-01,3.844000000000000195e-01,4.431999999999999829e-01,5.097000000000000419e-01,4.336999999999999744e-01,-2.350000000000000006e-02,1.761600000000000055e+00,-9.900000000000000813e-03,1.099999999999999936e-02,3.139999999999999736e-02,-3.780000000000000027e-02
1.131799999999999917e+00,-3.150000000000000022e-02,6.667999999999999483e-01,5.676999999999999824e-01,5.198000000000000398e-01,3.855000000000000093e-01,6.294999999999999485e-01,6.141999999999999682e-01,4.732999999999999985e-01,4.171000000000000263e-01,7.018999999999999684e-01,5.302999999999999936e-01
4.975999999999999868e-01,3.970000000000000195e-01,6.387000000000000455e-01,7.824999999999999734e-01,8.250999999999999446e-01,7.792000000000000037e-01,7.457000000000000295e-01,6.584999999999999742e-01,7.632999999999999785e-01,8.792999999999999705e-01,7.247000000000000108e-01,6.854000000000000092e-01
7.080000000000000182e-02,8.437000000000000055e-01,1.565000000000000002e-01,1.267600000000000060e+00,2.215000000000000024e-01,1.388900000000000023e+00,2.746000000000000107e-01,1.129199999999999982e+00,2.839999999999999747e-01,1.338999999999999968e+00,1.668000000000000038e-01,1.250799999999999912e+00
6.950000000000000622e-02,4.076000000000000179e-01,1.708000000000000074e-01,5.635999999999999899e-01,1.305999999999999939e-01,7.205000000000000293e-01,-1.290000000000000001e-02,7.861000000000000210e-01,1.414999999999999869e-01,7.203000000000000513e-01,6.850000000000000533e-02,6.866999999999999771e-01
3.451000000000000179e-01,3.304000000000000270e-01,4.109999999999999765e-01,6.677999999999999492e-01,4.958000000000000185e-01,7.328000000000000069e-01,4.974000000000000088e-01,5.712000000000000410e-01,4.848999999999999977e-01,7.610999999999999988e-01,3.385000000000000231e-01,7.542999999999999705e-01
2.028000000000000080e-01,3.865999999999999992e-01,2.659000000000000252e-01,6.712000000000000188e-01,3.367999999999999883e-01,7.249999999999999778e-01,3.494999999999999774e-01,5.704000000000000181e-01,3.357999999999999874e-01,7.371999999999999664e-01,2.509000000000000119e-01,6.834000000000000075e-01
2.765000000000000235e-01,8.222000000000000419e-01,6.055000000000000382e-01,9.074999999999999734e-01,7.479999999999999982e-01,8.831999999999999851e-01,1.749700000000000033e+00,-2.060000000000000026e-02,4.540000000000000285e-02,1.950099999999999945e+00,4.800000000000000100e-02,1.672299999999999898e+00
6.599999999999999964e-03,1.096999999999999975e+00,4.751000000000000223e-01,9.094999999999999751e-01,5.516999999999999682e-01,9.639999999999999680e-01,1.777900000000000036e+00,-5.290000000000000258e-02,-2.350000000000000006e-02,2.028300000000000214e+00,5.519999999999999907e-02,1.666900000000000048e+00
5.933000000000000496e-01,2.303999999999999937e-01,9.528999999999999693e-01,3.318999999999999728e-01,1.151399999999999979e+00,2.990999999999999770e-01,9.821999999999999620e-01,3.042000000000000259e-01,1.183999999999999941e+00,2.901000000000000245e-01,9.725000000000000311e-01,3.119999999999999996e-01
1.065800000000000081e+00,4.889999999999999902e-02,9.754000000000000448e-01,2.338999999999999968e-01,7.418000000000000149e-01,1.504999999999999949e-01,8.247999999999999776e-01,4.087000000000000077e-01,6.895999999999999908e-01,1.874000000000000110e-01,8.415000000000000258e-01,3.901999999999999913e-01
1.064300000000000024e+00,4.830000000000000265e-02,4.031000000000000139e-01,4.714999999999999747e-01,4.217000000000000193e-01,2.610000000000000098e-01,5.284999999999999698e-01,3.165999999999999925e-01,4.122999999999999998e-01,2.549000000000000155e-01,4.965999999999999859e-01,3.543999999999999928e-01
5.515999999999999792e-01,4.323000000000000176e-01,9.536999999999999922e-01,3.289000000000000257e-01,1.019900000000000029e+00,3.932999999999999829e-01,1.765300000000000091e+00,-3.409999999999999837e-02,2.026400000000000201e+00,-2.980000000000000010e-02,1.779999999999999985e-02,-2.149999999999999828e-02
3.766999999999999793e-01,6.610000000000000320e-01,7.348000000000000087e-01,6.039999999999999813e-01,9.230000000000000426e-01,5.251000000000000112e-01,1.740299999999999958e+00,-4.499999999999999660e-03,-4.599999999999999922e-02,2.054199999999999804e+00,2.160000000000000114e-02,-2.469999999999999973e-02
3.260000000000000120e-01,2.159999999999999976e-01,7.528000000000000247e-01,7.900000000000000078e-02,7.923999999999999932e-01,1.741999999999999937e-01,1.687000000000000055e+00,5.020000000000000157e-02,-3.939999999999999752e-02,4.669999999999999846e-02,-6.029999999999999943e-02,7.090000000000000469e-02
4.495999999999999996e-01,2.169000000000000095e-01,6.391999999999999904e-01,3.629999999999999893e-01,8.199999999999999512e-01,2.898999999999999910e-01,1.770399999999999974e+00,-4.519999999999999712e-02,-1.099999999999999936e-02,2.011200000000000099e+00,1.760000000000000106e-02,-1.909999999999999892e-02
2.535999999999999921e-01,3.032000000000000250e-01,3.890000000000000124e-01,4.835999999999999743e-01,4.284999999999999920e-01,5.635000000000000009e-01,4.098999999999999866e-01,4.557999999999999829e-01,5.143999999999999684e-01,4.786000000000000254e-01,3.664999999999999925e-01,5.107000000000000428e-01
1.771999999999999964e-01,7.112000000000000544e-01,3.103000000000000203e-01,1.079599999999999893e+00,2.550999999999999934e-01,1.339399999999999924e+00,2.338000000000000078e-01,1.168600000000000083e+00,3.074999999999999956e-01,1.304999999999999938e+00,2.437000000000000000e-01,1.153100000000000014e+00
6.441999999999999948e-01,4.657000000000000028e-01,2.805000000000000271e-01,9.211000000000000298e-01,3.062000000000000277e-01,5.754000000000000226e-01,3.202999999999999736e-01,8.736000000000000432e-01,3.427999999999999936e-01,5.107000000000000428e-01,2.195000000000000007e-01,9.937000000000000277e-01
4.391999999999999793e-01,1.729999999999999871e-01,7.467000000000000304e-01,1.971999999999999864e-01,7.672999999999999821e-01,3.279000000000000248e-01,8.359999999999999654e-01,9.120000000000000329e-02,8.219999999999999529e-01,2.829999999999999738e-01,7.616000000000000547e-01,1.844999999999999973e-01
3.522000000000000131e-01,3.815999999999999948e-01,6.512999999999999901e-01,4.030000000000000249e-01,8.796000000000000485e-01,2.741000000000000103e-01,1.852999999999999980e+00,-1.436999999999999944e-01,2.019999999999999921e-02,1.981500000000000039e+00,4.100000000000000172e-02,-4.789999999999999813e-02
2.916000000000000258e-01,2.617999999999999772e-01,3.232999999999999763e-01,5.671000000000000485e-01,5.433999999999999941e-01,4.385999999999999899e-01,4.561000000000000054e-01,4.078999999999999848e-01,4.168000000000000038e-01,6.065000000000000391e-01,3.948999999999999733e-01,4.844999999999999862e-01
2.089999999999999844e-02,7.059999999999999609e-01,2.469999999999999973e-01,8.011000000000000343e-01,3.739999999999999991e-01,7.965999999999999748e-01,-3.690000000000000224e-02,1.777300000000000102e+00,4.610000000000000209e-02,1.946199999999999930e+00,-2.460000000000000034e-02,2.910000000000000087e-02
9.871999999999999664e-01,-1.126000000000000056e-01,1.332000000000000073e+00,7.639999999999999569e-02,1.548499999999999988e+00,5.009999999999999870e-02,1.269099999999999895e+00,1.509999999999999953e-01,1.585700000000000109e+00,2.980000000000000010e-02,1.368100000000000094e+00,3.379999999999999671e-02
2.109000000000000041e-01,6.045000000000000373e-01,2.994999999999999885e-01,9.820999999999999730e-01,5.221000000000000085e-01,9.051000000000000156e-01,3.580999999999999739e-01,9.091000000000000192e-01,4.162000000000000144e-01,1.046799999999999953e+00,3.561000000000000276e-01,9.153999999999999915e-01
7.917999999999999483e-01,-6.759999999999999343e-02,9.719999999999999751e-01,9.020000000000000240e-02,1.069099999999999939e+00,1.199000000000000066e-01,1.781500000000000083e+00,-5.859999999999999931e-02,1.962800000000000100e+00,4.390000000000000152e-02,2.400000000000000050e-02,-2.709999999999999909e-02
-7.149999999999999412e-02,1.194099999999999939e+00,1.877000000000000057e-01,1.441100000000000048e+00,3.200999999999999956e-01,1.431200000000000028e+00,4.789999999999999813e-02,1.673200000000000021e+00,-5.739999999999999963e-02,2.074100000000000055e+00,1.340000000000000045e-02,1.714800000000000102e+00
1.061600000000000099e+00,5.140000000000000124e-02,8.014999999999999902e-01,9.387999999999999678e-01,6.060999999999999721e-01,6.109999999999999876e-01,9.143000000000000016e-01,7.974999999999999867e-01,6.790000000000000480e-01,4.857000000000000206e-01,7.058999999999999719e-01,1.042999999999999927e+00
7.812999999999999945e-01,2.706999999999999962e-01,1.166099999999999914e+00,1.809000000000000052e-01,1.340200000000000058e+00,1.160999999999999949e-01,1.784299999999999997e+00,-6.439999999999999891e-02,2.014600000000000168e+00,-1.000000000000000021e-02,4.939999999999999947e-02,-5.859999999999999931e-02
4.172000000000000153e-01,4.878000000000000114e-01,7.567000000000000393e-01,4.570000000000000173e-01,8.218999999999999639e-01,5.137000000000000455e-01,1.698299999999999921e+00,4.279999999999999777e-02,-2.359999999999999945e-02,2.029799999999999827e+00,-2.999999999999999737e-04,2.000000000000000042e-03
1.880999999999999894e-01,2.852000000000000091e-01,4.350999999999999868e-01,3.639999999999999902e-01,5.826000000000000068e-01,3.299000000000000266e-01,1.650900000000000034e+00,9.929999999999999938e-02,-7.760000000000000231e-02,9.370000000000000551e-02,3.610000000000000014e-02,-4.429999999999999910e-02
6.182999999999999607e-01,4.862000000000000210e-01,8.977000000000000535e-01,8.165999999999999925e-01,1.012399999999999967e+00,8.137999999999999678e-01,1.728199999999999958e+00,4.700000000000000185e-03,2.084099999999999842e+00,-9.929999999999999938e-02,-2.799999999999999972e-03,1.733200000000000074e+00
4.667000000000000037e-01,2.943999999999999950e-01,8.114000000000000101e-01,3.654999999999999916e-01,8.536000000000000254e-01,4.974999999999999978e-01,7.834999999999999742e-01,3.982999999999999874e-01,9.240000000000000435e-01,4.428000000000000269e-01,7.511999999999999789e-01,4.365999999999999881e-01
3.336000000000000076e-01,3.598999999999999977e-01,5.073999999999999622e-01,5.793000000000000371e-01,6.561000000000000165e-01,5.656999999999999806e-01,6.266000000000000458e-01,4.343000000000000194e-01,6.603999999999999870e-01,5.796000000000000041e-01,6.106000000000000316e-01,4.549000000000000266e-01
7.531999999999999806e-01,3.612000000000000210e-01,3.634999999999999898e-01,1.018899999999999917e+00,3.684999999999999942e-01,5.867999999999999883e-01,3.341999999999999971e-01,1.066599999999999993e+00,2.891000000000000236e-01,6.552000000000000046e-01,3.743000000000000216e-01,1.018399999999999972e+00
4.410000000000000031e-02,5.565999999999999837e-01,2.636000000000000010e-01,6.393999999999999684e-01,3.755000000000000004e-01,6.360000000000000098e-01,2.398000000000000131e-01,6.637999999999999456e-01,2.536999999999999811e-01,7.973999999999999977e-01,2.936000000000000276e-01,6.029999999999999805e-01
1.038499999999999979e+00,8.069999999999999396e-02,6.368000000000000327e-01,2.732999999999999874e-01,5.443000000000000060e-01,1.728000000000000091e-01,5.774000000000000243e-01,3.498999999999999888e-01,5.029000000000000137e-01,2.066999999999999948e-01,6.042999999999999483e-01,3.119999999999999996e-01
4.649999999999999967e-02,1.068000000000000060e+00,1.044000000000000067e-01,4.718999999999999861e-01,1.267000000000000071e-01,3.474999999999999756e-01,2.050000000000000086e-02,5.725999999999999979e-01,7.499999999999999722e-03,4.792000000000000148e-01,5.820000000000000173e-02,5.241000000000000103e-01
3.339999999999999913e-02,8.542999999999999483e-01,9.320000000000000506e-02,1.295600000000000085e+00,1.706999999999999906e-01,1.390800000000000036e+00,3.799999999999999906e-02,1.361299999999999955e+00,1.285000000000000031e-01,1.471100000000000074e+00,7.589999999999999525e-02,1.316999999999999948e+00
6.235000000000000542e-01,1.920000000000000040e-01,1.090899999999999981e+00,1.685000000000000109e-01,1.179400000000000004e+00,2.634000000000000230e-01,1.007500000000000062e+00,2.645000000000000129e-01,1.161100000000000021e+00,3.116999999999999771e-01,1.010999999999999899e+00,2.615000000000000102e-01
2.914999999999999813e-01,6.952000000000000401e-01,5.862000000000000544e-01,7.159999999999999698e-01,8.323000000000000398e-01,5.673000000000000265e-01,1.671200000000000019e+00,7.009999999999999565e-02,1.290000000000000001e-02,1.985300000000000065e+00,7.770000000000000517e-02,-9.110000000000000042e-02
3.090000000000000038e-02,9.172000000000000153e-01,3.080000000000000099e-02,1.457100000000000062e+00,1.922000000000000097e-01,1.471700000000000008e+00,4.109999999999999765e-02,1.445200000000000040e+00,1.063000000000000056e-01,1.599499999999999922e+00,7.489999999999999436e-02,1.411299999999999999e+00
3.615999999999999770e-01,5.394999999999999796e-01,7.610000000000000098e-01,4.351999999999999758e-01,8.017999999999999572e-01,5.293999999999999817e-01,1.749900000000000011e+00,-2.179999999999999993e-02,6.930000000000000049e-02,1.918400000000000105e+00,-5.739999999999999963e-02,6.909999999999999476e-02
1.108700000000000019e+00,2.099999999999999870e-03,1.015600000000000058e+00,7.153000000000000469e-01,7.319999999999999840e-01,1.086200000000000054e+00,9.141000000000000236e-01,8.360999999999999543e-01,8.051000000000000378e-01,8.139999999999999458e-01,9.556999999999999940e-01,7.831000000000000183e-01
1.164700000000000069e+00,-6.969999999999999807e-02,3.553000000000000047e-01,1.395299999999999985e+00,3.348999999999999755e-01,1.135599999999999943e+00,4.702000000000000068e-01,1.253800000000000026e+00,3.487000000000000099e-01,1.043500000000000094e+00,4.655000000000000249e-01,1.262100000000000000e+00
5.361000000000000210e-01,6.899999999999999883e-03,8.957000000000000517e-01,-5.899999999999999689e-02,8.034999999999999920e-01,1.912999999999999978e-01,6.853000000000000203e-01,1.932999999999999996e-01,8.259999999999999565e-01,1.836000000000000132e-01,8.114999999999999991e-01,4.050000000000000128e-02
1.890000000000000013e-02,9.513000000000000345e-01,1.228000000000000064e-01,1.177100000000000035e+00,3.517000000000000126e-01,1.045600000000000085e+00,6.799999999999999621e-03,1.724800000000000111e+00,-4.209999999999999853e-02,2.044000000000000039e+00,6.100000000000000387e-03,-7.700000000000000247e-03
9.463000000000000300e-01,2.019999999999999921e-02,1.380900000000000016e+00,1.522000000000000020e-01,1.676299999999999901e+00,5.779999999999999721e-02,1.385099999999999998e+00,1.532000000000000028e-01,1.648500000000000076e+00,1.135000000000000037e-01,1.339299999999999935e+00,2.016999999999999904e-01
1.028399999999999981e+00,8.930000000000000437e-02,4.097000000000000086e-01,9.375000000000000000e-01,2.812999999999999945e-01,6.864999999999999991e-01,3.826999999999999846e-01,9.619999999999999662e-01,2.829999999999999738e-01,6.585999999999999632e-01,3.508000000000000007e-01,1.008599999999999941e+00
