1.125399999999999956e+00,-2.520000000000000018e-02,6.775999999999999801e-01,1.792999999999999872e-01,4.287000000000000255e-01,2.803999999999999826e-01,6.002999999999999448e-01,2.736999999999999988e-01,4.541000000000000036e-01,2.369999999999999885e-01,6.774999999999999911e-01,1.849999999999999978e-01
8.450999999999999623e-01,2.536999999999999811e-01,1.175899999999999945e+00,3.158000000000000251e-01,1.157699999999999951e+00,4.833000000000000074e-01,1.690800000000000081e+00,5.059999999999999915e-02,1.869399999999999951e+00,1.534000000000000086e-01,-8.699999999999999400e-02,1.834000000000000075e+00
1.002599999999999936e+00,1.198000000000000037e-01,6.942000000000000393e-01,1.048699999999999966e+00,5.668999999999999595e-01,5.786999999999999922e-01,7.904999999999999805e-01,9.402000000000000357e-01,6.875000000000000000e-01,3.929000000000000270e-01,7.360999999999999766e-01,1.000799999999999912e+00
1.126600000000000046e+00,-2.560000000000000123e-02,5.214999999999999636e-01,1.210700000000000109e+00,4.668999999999999817e-01,6.684999999999999831e-01,5.571000000000000396e-01,1.170500000000000096e+00,4.676000000000000156e-01,6.308000000000000274e-01,4.948000000000000176e-01,1.244899999999999896e+00
-2.479999999999999913e-02,8.078999999999999515e-01,3.513999999999999901e-01,7.237000000000000099e-01,4.602999999999999869e-01,7.386000000000000343e-01,8.569999999999999840e-02,1.632300000000000084e+00,6.239999999999999714e-02,1.922700000000000076e+00,-2.599999999999999881e-02,3.119999999999999857e-02
3.095999999999999863e-01,3.669999999999999929e-01,4.894000000000000017e-01,5.676999999999999824e-01,5.286999999999999478e-01,6.841000000000000414e-01,4.189999999999999836e-01,6.543999999999999817e-01,5.844000000000000306e-01,6.374999999999999556e-01,5.973000000000000531e-01,4.400999999999999912e-01
1.039099999999999913e+00,7.860000000000000320e-02,1.266199999999999992e+00,4.742000000000000104e-01,9.161000000000000254e-01,1.625999999999999945e-01,1.197899999999999965e+00,5.470000000000000417e-01,9.136999999999999567e-01,1.269000000000000128e-01,1.213700000000000001e+00,5.332999999999999963e-01
6.458000000000000407e-01,4.648999999999999799e-01,2.589000000000000190e-01,9.216999999999999638e-01,3.328999999999999737e-01,5.322999999999999954e-01,2.310999999999999999e-01,9.547999999999999821e-01,1.899000000000000132e-01,6.802000000000000268e-01,3.269000000000000239e-01,8.419999999999999707e-01
3.153000000000000247e-01,4.309999999999999942e-01,6.277000000000000357e-01,5.140000000000000124e-01,6.221999999999999753e-01,6.974000000000000199e-01,6.016000000000000236e-01,5.469000000000000528e-01,7.289999999999999813e-01,5.904000000000000359e-01,5.691000000000000503e-01,5.835000000000000187e-01
3.906999999999999917e-01,5.586999999999999744e-01,6.917999999999999705e-01,5.786999999999999922e-01,7.508000000000000229e-01,6.532999999999999918e-01,1.765900000000000025e+00,-3.899999999999999994e-02,-4.400000000000000265e-03,2.007299999999999862e+00,1.149999999999999981e-02,-1.439999999999999961e-02
6.281999999999999806e-01,1.156999999999999973e-01,8.570999999999999730e-01,3.313999999999999724e-01,1.049099999999999921e+00,2.918000000000000038e-01,8.450999999999999623e-01,3.437000000000000055e-01,1.130400000000000071e+00,2.179000000000000103e-01,9.456999999999999851e-01,2.237999999999999989e-01
-9.450000000000000067e-02,1.213999999999999968e+00,-7.660000000000000142e-02,1.790699999999999958e+00,1.769000000000000017e-01,1.628300000000000081e+00,-1.729999999999999941e-02,1.752099999999999991e+00,2.319999999999999840e-02,1.976099999999999968e+00,-8.350000000000000477e-02,1.829900000000000082e+00
1.486000000000000099e-01,6.692000000000000171e-01,1.849000000000000088e-01,1.112100000000000088e+00,2.416999999999999982e-01,1.229800000000000004e+00,3.130999999999999894e-01,9.606000000000000094e-01,3.608000000000000096e-01,1.105199999999999960e+00,1.706999999999999906e-01,1.123699999999999921e+00
1.096500000000000030e+00,3.899999999999999821e-03,4.117000000000000104e-01,4.920999999999999819e-01,3.664000000000000035e-01,3.478999999999999870e-01,4.433000000000000274e-01,4.571999999999999953e-01,3.867999999999999772e-01,3.088000000000000189e-01,4.363000000000000211e-01,4.652999999999999914e-01
2.419000000000000039e-01,2.554000000000000159e-01,3.897999999999999798e-01,3.871999999999999886e-01,4.288000000000000145e-01,4.575000000000000178e-01,3.503999999999999893e-01,4.361999999999999766e-01,4.903000000000000136e-01,3.987999999999999878e-01,3.968999999999999750e-01,3.784000000000000141e-01
4.688999999999999835e-01,1.481000000000000094e-01,7.357000000000000206e-01,2.328999999999999959e-01,7.441999999999999726e-01,3.791999999999999815e-01,6.926999999999999824e-01,2.832999999999999963e-01,8.207999999999999741e-01,3.054000000000000048e-01,7.792999999999999927e-01,1.817999999999999894e-01
5.464999999999999858e-01,4.334000000000000075e-01,9.130000000000000338e-01,6.068000000000000060e-01,8.931000000000000050e-01,8.647000000000000242e-01,8.489999999999999769e-01,6.865999999999999881e-01,9.978000000000000203e-01,7.641999999999999904e-01,8.057999999999999607e-01,7.352999999999999536e-01
1.106000000000000094e+00,1.000000000000000048e-04,5.493000000000000105e-01,1.183999999999999941e+00,5.372999999999999998e-01,6.650000000000000355e-01,4.143000000000000016e-01,1.344100000000000072e+00,4.731000000000000205e-01,6.989999999999999547e-01,5.029000000000000137e-01,1.236599999999999921e+00
1.129199999999999982e+00,-2.850000000000000103e-02,1.839299999999999935e+00,-1.255999999999999894e-01,1.044799999999999951e+00,3.002000000000000224e-01,1.690199999999999925e+00,4.769999999999999934e-02,1.060200000000000031e+00,2.250000000000000056e-01,1.756399999999999961e+00,-2.549999999999999836e-02
1.228999999999999954e-01,4.820999999999999730e-01,1.892999999999999960e-01,7.599000000000000199e-01,1.585999999999999910e-01,9.281000000000000361e-01,1.126000000000000056e-01,8.487000000000000099e-01,1.617000000000000104e-01,9.455000000000000071e-01,1.438000000000000111e-01,8.120000000000000551e-01
1.169300000000000006e+00,-7.409999999999999920e-02,4.089999999999999747e-01,1.405000000000000138e-01,3.911999999999999922e-01,5.770000000000000129e-02,3.397999999999999909e-01,2.217999999999999972e-01,3.632000000000000228e-01,8.359999999999999376e-02,3.703000000000000180e-01,1.829000000000000070e-01
1.981999999999999873e-01,4.741000000000000214e-01,5.538999999999999480e-01,4.218999999999999972e-01,5.940999999999999615e-01,5.179000000000000270e-01,1.645399999999999974e+00,9.840000000000000135e-02,-2.009999999999999981e-02,2.023499999999999854e+00,2.799999999999999972e-03,-4.000000000000000083e-03
1.140600000000000058e+00,-3.579999999999999849e-02,6.300000000000000044e-01,1.801000000000000101e-01,3.542000000000000148e-01,3.307999999999999829e-01,5.144999999999999574e-01,3.220999999999999974e-01,4.868000000000000105e-01,1.562000000000000055e-01,5.022999999999999687e-01,3.346000000000000085e-01
8.853999999999999648e-01,2.117999999999999883e-01,2.810000000000000275e-01,5.846000000000000085e-01,3.240999999999999992e-01,3.542000000000000148e-01,3.326999999999999957e-01,5.221999999999999975e-01,3.007000000000000228e-01,3.679000000000000048e-01,4.131000000000000227e-01,4.262000000000000233e-01
1.146600000000000064e+00,-4.920000000000000068e-02,7.559000000000000163e-01,2.359999999999999945e-02,5.875000000000000222e-01,5.059999999999999915e-02,7.465000000000000524e-01,3.910000000000000281e-02,6.142999999999999572e-01,2.299999999999999961e-03,8.245000000000000107e-01,-5.390000000000000346e-02
4.520000000000000129e-01,4.722000000000000086e-01,6.902000000000000357e-01,7.581999999999999851e-01,9.625000000000000222e-01,6.599000000000000421e-01,7.993999999999999995e-01,6.381999999999999895e-01,8.569999999999999840e-01,8.107999999999999652e-01,7.530999999999999917e-01,6.949999999999999512e-01
5.687999999999999723e-01,9.039999999999999425e-02,8.446000000000000174e-01,1.970000000000000084e-01,9.281000000000000361e-01,2.649000000000000243e-01,8.491999999999999549e-01,1.928999999999999881e-01,8.796000000000000485e-01,3.376000000000000112e-01,7.573999999999999622e-01,3.029999999999999916e-01
8.960000000000000187e-01,2.121999999999999997e-01,1.236099999999999977e+00,2.560000000000000053e-01,1.376200000000000090e+00,2.300000000000000100e-01,1.731100000000000083e+00,5.000000000000000104e-04,1.994499999999999940e+00,4.599999999999999922e-03,-2.330000000000000127e-02,1.759100000000000108e+00
-1.779999999999999985e-02,9.780999999999999694e-01,2.479999999999999982e-01,1.004499999999999948e+00,2.616999999999999882e-01,1.130300000000000082e+00,-5.759999999999999842e-02,1.800699999999999967e+00,3.090000000000000038e-02,1.965300000000000047e+00,-6.769999999999999629e-02,7.989999999999999880e-02
3.063000000000000167e-01,6.263999999999999568e-01,7.307000000000000162e-01,4.934000000000000052e-01,8.176999999999999824e-01,5.290000000000000258e-01,1.775700000000000056e+00,-4.859999999999999737e-02,-1.499999999999999944e-02,2.013599999999999834e+00,-5.090000000000000080e-02,6.169999999999999790e-02
3.431000000000000161e-01,3.871999999999999886e-01,5.262000000000000011e-01,6.180999999999999828e-01,5.925000000000000266e-01,7.168999999999999817e-01,6.176000000000000378e-01,5.151999999999999913e-01,6.126000000000000334e-01,7.106999999999999984e-01,4.995999999999999885e-01,6.553999999999999826e-01
1.061399999999999899e+00,5.460000000000000270e-02,4.623999999999999777e-01,4.138000000000000012e-01,4.537999999999999812e-01,2.394999999999999907e-01,6.260999999999999899e-01,2.194000000000000117e-01,4.383000000000000229e-01,2.373000000000000109e-01,5.558999999999999497e-01,2.979999999999999871e-01
1.122700000000000031e+00,-2.120000000000000009e-02,7.345000000000000417e-01,1.126000000000000056e-01,5.620000000000000551e-01,1.254000000000000115e-01,7.845999999999999641e-01,5.580000000000000238e-02,5.239000000000000323e-01,1.547999999999999932e-01,7.256000000000000227e-01,1.218000000000000055e-01
4.150000000000000216e-02,7.618000000000000327e-01,2.863999999999999879e-01,8.324000000000000288e-01,4.109999999999999765e-01,8.252000000000000446e-01,4.499999999999999660e-03,1.725100000000000078e+00,-2.589999999999999941e-02,2.027699999999999836e+00,-2.960000000000000131e-02,3.420000000000000123e-02
1.652000000000000135e-01,5.220000000000000195e-01,7.563999999999999613e-01,1.958999999999999908e-01,7.351999999999999647e-01,3.618999999999999995e-01,1.798300000000000010e+00,-8.000000000000000167e-02,-6.110000000000000153e-02,2.072900000000000187e+00,-3.169999999999999901e-02,3.590000000000000135e-02
8.182000000000000384e-01,2.859999999999999765e-01,1.228699999999999903e+00,2.121000000000000107e-01,1.275099999999999900e+00,2.979999999999999871e-01,1.731500000000000039e+00,2.500000000000000052e-03,2.029300000000000104e+00,-3.239999999999999825e-02,2.869999999999999982e-02,1.699899999999999967e+00
1.169599999999999973e+00,-7.950000000000000122e-02,6.594999999999999751e-01,3.301000000000000045e-01,5.646999999999999797e-01,2.008999999999999952e-01,7.107999999999999874e-01,2.644000000000000239e-01,4.989999999999999991e-01,2.600000000000000089e-01,6.660000000000000364e-01,3.245999999999999996e-01
6.846999999999999753e-01,3.896999999999999909e-01,9.817000000000000171e-01,4.101000000000000201e-01,1.045500000000000096e+00,4.733999999999999875e-01,1.734699999999999909e+00,-2.999999999999999737e-04,1.986599999999999921e+00,1.319999999999999993e-02,5.550000000000000072e-02,1.665799999999999947e+00
4.734999999999999765e-01,2.949999999999999845e-02,6.149000000000000021e-01,2.003000000000000058e-01,7.814999999999999725e-01,1.287999999999999978e-01,6.321999999999999842e-01,1.794000000000000039e-01,6.874000000000000110e-01,2.575000000000000067e-01,6.046000000000000263e-01,2.099000000000000032e-01
8.719000000000000083e-01,2.311999999999999889e-01,4.309999999999999942e-01,5.506999999999999673e-01,3.145999999999999908e-01,4.566999999999999948e-01,4.258000000000000118e-01,5.563000000000000167e-01,3.739999999999999991e-01,3.699999999999999956e-01,3.330000000000000182e-01,6.645999999999999686e-01
5.770999999999999464e-01,2.690000000000000169e-01,9.626000000000000112e-01,1.864999999999999991e-01,9.747999999999999998e-01,3.089999999999999969e-01,1.720800000000000107e+00,1.200000000000000025e-02,1.903999999999999915e+00,1.156999999999999973e-01,4.179999999999999688e-02,-5.090000000000000080e-02
1.461999999999999966e-01,1.741000000000000048e-01,3.355000000000000204e-01,3.210000000000000075e-01,5.900999999999999579e-01,1.645000000000000073e-01,1.819900000000000073e+00,-1.074999999999999983e-01,4.479999999999999954e-02,-5.059999999999999915e-02,-1.540000000000000049e-02,1.899999999999999953e-02
2.319999999999999840e-02,4.471999999999999864e-01,2.879999999999999921e-02,7.578000000000000291e-01,1.640000000000000138e-02,8.930000000000000160e-01,-2.840000000000000163e-02,1.768199999999999994e+00,-4.300000000000000003e-03,5.000000000000000104e-03,1.629999999999999852e-02,-1.919999999999999832e-02
1.248999999999999971e-01,9.827000000000000179e-01,6.260000000000000286e-02,1.675200000000000022e+00,8.899999999999999578e-02,9.563000000000000389e-01,1.084999999999999992e-01,1.615699999999999914e+00,5.530000000000000193e-02,9.614000000000000323e-01,3.070000000000000159e-02,1.713799999999999990e+00
6.219999999999999973e-01,4.950999999999999845e-01,3.017000000000000237e-01,7.115000000000000213e-01,2.142999999999999905e-01,5.816000000000000059e-01,2.723999999999999755e-01,7.436000000000000387e-01,2.240000000000000047e-01,5.504000000000000004e-01,3.287999999999999812e-01,6.808999999999999497e-01
8.110000000000000542e-02,5.729999999999999538e-01,-5.400000000000000286e-03,1.059500000000000108e+00,4.619999999999999801e-02,1.141799999999999926e+00,9.510000000000000397e-02,9.376999999999999780e-01,4.329999999999999821e-02,1.157599999999999962e+00,4.870000000000000023e-02,9.916000000000000369e-01
6.215000000000000524e-01,2.119999999999999940e-01,1.045099999999999918e+00,2.494000000000000106e-01,1.139399999999999968e+00,3.451000000000000179e-01,1.084899999999999975e+00,1.967000000000000137e-01,1.175899999999999945e+00,3.235000000000000098e-01,1.139199999999999990e+00,1.358000000000000040e-01
1.776000000000000079e-01,9.446999999999999842e-01,6.291999999999999815e-01,9.101000000000000201e-01,7.055000000000000160e-01,9.575000000000000178e-01,1.797299999999999898e+00,-8.050000000000000211e-02,-8.980000000000000482e-02,2.111000000000000210e+00,-2.000000000000000042e-03,1.733600000000000030e+00
1.108700000000000019e+00,-1.399999999999999986e-03,6.230999999999999872e-01,1.103399999999999936e+00,5.174999999999999600e-01,5.217000000000000526e-01,5.151000000000000023e-01,1.232299999999999951e+00,5.308000000000000496e-01,4.732000000000000095e-01,4.813999999999999946e-01,1.269600000000000062e+00
4.905999999999999805e-01,2.283999999999999919e-01,7.607000000000000428e-01,3.694999999999999951e-01,7.548000000000000265e-01,5.565999999999999837e-01,8.102000000000000313e-01,3.068000000000000171e-01,8.265000000000000124e-01,4.895999999999999797e-01,7.110999999999999543e-01,4.283000000000000140e-01
1.156500000000000083e+00,-5.759999999999999842e-02,6.427000000000000490e-01,1.085199999999999942e+00,4.490000000000000102e-01,9.377999999999999670e-01,5.651000000000000467e-01,1.172700000000000076e+00,4.124999999999999778e-01,9.192000000000000171e-01,6.713000000000000078e-01,1.048000000000000043e+00
3.852999999999999758e-01,2.265999999999999959e-01,6.398000000000000353e-01,2.939999999999999836e-01,7.465000000000000524e-01,3.085999999999999854e-01,1.889799999999999924e+00,-1.804000000000000048e-01,2.079999999999999905e-02,1.977300000000000058e+00,-1.660000000000000017e-02,1.839999999999999969e-02
4.195999999999999730e-01,4.069999999999999729e-01,8.508999999999999897e-01,2.705000000000000182e-01,8.090000000000000524e-01,4.583999999999999742e-01,1.633499999999999952e+00,1.120000000000000023e-01,-6.650000000000000355e-02,2.080700000000000216e+00,1.660000000000000017e-02,-1.949999999999999997e-02
2.832999999999999963e-01,6.928999999999999604e-01,3.342999999999999861e-01,1.207300000000000040e+00,4.848000000000000087e-01,1.259600000000000053e+00,4.200999999999999734e-01,1.108400000000000052e+00,4.527999999999999803e-01,1.312999999999999945e+00,3.482999999999999985e-01,1.200199999999999934e+00
6.952000000000000401e-01,9.790000000000000091e-02,1.119199999999999973e+00,1.272999999999999965e-01,1.299400000000000110e+00,1.131000000000000061e-01,1.206299999999999928e+00,2.280000000000000082e-02,1.367299999999999960e+00,5.920000000000000262e-02,1.061199999999999921e+00,1.960999999999999965e-01
1.127899999999999903e+00,-2.750000000000000014e-02,1.157799999999999940e+00,5.608999999999999542e-01,8.198999999999999622e-01,6.999999999999999556e-01,1.071099999999999941e+00,6.639000000000000457e-01,8.205999999999999961e-01,6.127000000000000224e-01,1.003100000000000103e+00,7.467000000000000304e-01
3.186999999999999833e-01,7.550999999999999934e-01,4.208999999999999964e-01,1.268699999999999939e+00,6.258000000000000229e-01,1.271600000000000064e+00,6.451000000000000068e-01,1.000999999999999890e+00,5.474999999999999867e-01,1.395100000000000007e+00,5.578999999999999515e-01,1.113299999999999956e+00
8.306000000000000050e-01,9.529999999999999583e-02,1.104800000000000004e+00,3.817999999999999727e-01,1.345199999999999951e+00,3.360000000000000209e-01,1.102500000000000036e+00,3.845999999999999974e-01,1.274299999999999988e+00,4.425000000000000044e-01,1.127499999999999947e+00,3.547000000000000153e-01
1.156300000000000106e+00,-6.370000000000000662e-02,9.582000000000000517e-01,7.839000000000000412e-01,8.016999999999999682e-01,5.624000000000000110e-01,1.087199999999999944e+00,6.377000000000000446e-01,7.981000000000000316e-01,5.080000000000000071e-01,9.966000000000000414e-01,7.430999999999999828e-01
9.448999999999999622e-01,1.353000000000000036e-01,3.212999999999999745e-01,1.421499999999999986e+00,3.428999999999999826e-01,7.262999999999999456e-01,3.766999999999999793e-01,1.351399999999999935e+00,3.432000000000000051e-01,6.875000000000000000e-01,3.775999999999999912e-01,1.354700000000000015e+00
2.210999999999999910e-01,7.943000000000000060e-01,6.554999999999999716e-01,6.536999999999999478e-01,6.771000000000000352e-01,7.672999999999999821e-01,1.808699999999999974e+00,-8.840000000000000635e-02,7.199999999999999803e-03,1.994199999999999973e+00,-1.679999999999999896e-02,1.969999999999999876e-02
2.124999999999999944e-01,6.560000000000000275e-01,4.932000000000000273e-01,6.953000000000000291e-01,6.084000000000000519e-01,6.982000000000000428e-01,1.701899999999999968e+00,3.799999999999999906e-02,-5.099999999999999672e-02,2.060000000000000053e+00,-4.300000000000000003e-03,2.299999999999999961e-03
5.390000000000000346e-02,1.055299999999999905e+00,1.166999999999999982e-01,5.123999999999999666e-01,-7.109999999999999654e-02,6.229999999999999982e-01,1.115000000000000019e-01,5.170000000000000151e-01,3.799999999999999906e-02,4.833999999999999964e-01,6.439999999999999891e-02,5.756999999999999895e-01
1.014100000000000001e+00,1.139000000000000012e-01,6.172999999999999599e-01,1.123199999999999976e+00,5.625000000000000000e-01,5.521000000000000352e-01,7.679000000000000270e-01,9.384000000000000119e-01,5.604000000000000092e-01,5.170000000000000151e-01,5.513000000000000123e-01,1.193400000000000016e+00
3.155999999999999917e-01,1.832000000000000017e-01,3.842999999999999750e-01,4.186000000000000276e-01,5.150000000000000133e-01,3.845999999999999974e-01,4.052999999999999936e-01,3.938999999999999724e-01,4.707999999999999963e-01,4.470999999999999974e-01,4.461999999999999855e-01,3.420000000000000262e-01
1.123199999999999976e+00,-1.980000000000000163e-02,4.842000000000000193e-01,1.256399999999999961e+00,4.732999999999999985e-01,5.613000000000000211e-01,6.713000000000000078e-01,1.041900000000000048e+00,4.868999999999999995e-01,5.181000000000000050e-01,6.173999999999999488e-01,1.101799999999999891e+00
1.222199999999999953e+00,-1.385000000000000120e-01,5.873000000000000442e-01,1.141899999999999915e+00,4.907000000000000250e-01,8.950000000000000178e-01,4.723999999999999866e-01,1.276000000000000023e+00,4.235999999999999766e-01,9.068000000000000504e-01,5.405999999999999694e-01,1.195200000000000040e+00
1.102100000000000080e+00,3.899999999999999821e-03,1.025300000000000100e+00,7.217999999999999972e-01,8.517000000000000126e-01,8.105999999999999872e-01,1.152900000000000036e+00,5.722000000000000419e-01,9.200000000000000400e-01,6.120999999999999774e-01,1.224199999999999955e+00,4.924000000000000044e-01
1.125399999999999956e+00,-1.859999999999999848e-02,4.117999999999999994e-01,1.340999999999999970e+00,5.358000000000000540e-01,4.981999999999999762e-01,5.827999999999999847e-01,1.137599999999999945e+00,4.601000000000000090e-01,5.487999999999999545e-01,5.933000000000000496e-01,1.129499999999999948e+00
5.050000000000000044e-01,6.069999999999999840e-01,8.627000000000000224e-01,8.608999999999999986e-01,8.842999999999999750e-01,1.080400000000000027e+00,1.662900000000000045e+00,7.810000000000000275e-02,9.900000000000000466e-02,1.886300000000000088e+00,-5.899999999999999689e-02,1.799199999999999910e+00
5.673000000000000265e-01,5.564000000000000057e-01,3.050999999999999823e-01,8.024000000000000021e-01,2.869999999999999774e-01,5.490000000000000435e-01,3.613999999999999990e-01,7.325000000000000400e-01,2.591999999999999860e-01,5.637999999999999678e-01,3.773000000000000242e-01,7.175000000000000266e-01
-4.070000000000000007e-02,3.428999999999999826e-01,1.610000000000000042e-01,4.521999999999999909e-01,3.371999999999999997e-01,3.839000000000000190e-01,-1.471000000000000085e-01,1.905599999999999961e+00,2.170000000000000054e-02,-2.649999999999999925e-02,1.329999999999999932e-02,-1.820000000000000090e-02
7.198999999999999844e-01,3.784000000000000141e-01,2.953999999999999959e-01,7.870000000000000329e-01,2.969999999999999862e-01,5.207000000000000517e-01,2.539000000000000146e-01,8.340999999999999526e-01,2.432999999999999885e-01,5.659999999999999476e-01,3.386000000000000121e-01,7.365000000000000435e-01
2.681999999999999940e-01,2.293999999999999928e-01,5.969999999999999751e-01,1.433999999999999997e-01,7.459999999999999964e-01,8.930000000000000437e-02,5.685999999999999943e-01,1.834999999999999964e-01,6.592999999999999972e-01,2.041999999999999926e-01,6.264999999999999458e-01,1.115000000000000019e-01
5.564999999999999947e-01,2.984999999999999876e-01,9.731999999999999540e-01,1.751000000000000056e-01,1.013600000000000056e+00,2.741000000000000103e-01,1.663899999999999935e+00,7.960000000000000409e-02,1.972299999999999942e+00,3.250000000000000111e-02,-3.070000000000000159e-02,3.620000000000000301e-02
3.197999999999999732e-01,7.901000000000000245e-01,1.933999999999999886e-01,7.084000000000000297e-01,1.126000000000000056e-01,6.118999999999999995e-01,1.950000000000000067e-01,7.055000000000000160e-01,1.826000000000000123e-01,5.123999999999999666e-01,2.665000000000000147e-01,6.217000000000000304e-01
1.116200000000000081e+00,-1.529999999999999936e-02,5.598999999999999533e-01,5.397999999999999465e-01,3.945000000000000173e-01,4.545000000000000151e-01,5.338000000000000522e-01,5.659999999999999476e-01,4.524000000000000243e-01,3.614999999999999880e-01,5.239000000000000323e-01,5.846000000000000085e-01
3.442000000000000060e-01,6.581000000000000183e-01,6.663000000000000034e-01,8.720999999999999863e-01,5.897999999999999909e-01,1.199100000000000055e+00,6.506999999999999451e-01,8.912999999999999812e-01,5.997000000000000108e-01,1.210199999999999942e+00,5.873000000000000442e-01,9.664000000000000368e-01
3.526000000000000245e-01,7.463999999999999524e-01,6.100999999999999757e-01,9.112999999999999989e-01,7.630000000000000115e-01,8.749000000000000110e-01,1.689899999999999958e+00,4.920000000000000068e-02,1.480000000000000066e-02,1.983400000000000052e+00,-1.200000000000000025e-02,1.745600000000000041e+00
3.881999999999999895e-01,4.172000000000000153e-01,6.310999999999999943e-01,6.263999999999999568e-01,8.014000000000000012e-01,6.150999999999999801e-01,7.289999999999999813e-01,5.097000000000000419e-01,8.256000000000000005e-01,6.037000000000000144e-01,7.663999999999999702e-01,4.626000000000000112e-01
6.402999999999999803e-01,5.419999999999999818e-02,1.025400000000000089e+00,6.469999999999999363e-02,1.219600000000000017e+00,9.199999999999999845e-03,9.108000000000000540e-01,1.963000000000000023e-01,1.133799999999999919e+00,1.292000000000000093e-01,9.212000000000000188e-01,1.857000000000000040e-01
8.883999999999999675e-01,2.157999999999999918e-01,1.187599999999999989e+00,5.403000000000000025e-01,1.283500000000000085e+00,5.979999999999999760e-01,1.680099999999999927e+00,5.840000000000000052e-02,2.025300000000000100e+00,-3.459999999999999881e-02,4.970000000000000112e-02,1.670900000000000052e+00
5.786000000000000032e-01,4.950000000000000233e-02,8.336000000000000076e-01,1.200999999999999984e-01,9.327999999999999625e-01,1.453000000000000125e-01,1.627899999999999903e+00,1.184000000000000052e-01,1.938700000000000090e+00,6.729999999999999871e-02,2.700000000000000143e-03,-2.799999999999999972e-03
3.183000000000000274e-01,3.050999999999999823e-01,7.322999999999999510e-01,2.049999999999999878e-01,6.892000000000000348e-01,4.028999999999999804e-01,4.636000000000000121e-01,5.232999999999999874e-01,6.157000000000000250e-01,5.086000000000000520e-01,5.282000000000000028e-01,4.455999999999999961e-01
-1.940000000000000058e-02,1.128400000000000070e+00,9.260000000000000175e-02,8.641999999999999682e-01,-7.870000000000000606e-02,8.618999999999999995e-01,1.940000000000000058e-02,9.523000000000000353e-01,-3.219999999999999946e-02,7.855999999999999650e-01,1.277000000000000079e-01,8.246999999999999886e-01
-1.969999999999999876e-02,7.719000000000000306e-01,4.633999999999999786e-01,5.699999999999999512e-01,5.142999999999999794e-01,6.520000000000000240e-01,-2.580000000000000002e-02,1.762599999999999945e+00,-1.729999999999999941e-02,2.023200000000000109e+00,2.500000000000000139e-02,-2.649999999999999925e-02
