5.460000000000000270e-02,4.316999999999999726e-01,2.259999999999999856e-02,8.025999999999999801e-01,2.227999999999999980e-01,7.076999999999999957e-01,1.370000000000000037e-02,1.717799999999999994e+00,-5.639999999999999875e-02,6.539999999999999980e-02,-9.100000000000000450e-03,1.069999999999999944e-02
6.669999999999999540e-02,5.461000000000000298e-01,4.369999999999999996e-01,4.788999999999999924e-01,5.523000000000000131e-01,4.829999999999999849e-01,1.668600000000000083e+00,7.699999999999999900e-02,1.280000000000000061e-02,1.978699999999999903e+00,3.339999999999999913e-02,-4.030000000000000249e-02
5.600000000000000533e-01,3.639999999999999902e-01,8.255000000000000115e-01,6.307000000000000384e-01,9.830999999999999739e-01,6.679000000000000492e-01,8.841999999999999860e-01,5.625999999999999890e-01,9.356999999999999762e-01,7.488000000000000211e-01,8.266000000000000014e-01,6.311999999999999833e-01
2.006000000000000005e-01,3.453999999999999848e-01,3.986000000000000099e-01,4.469000000000000195e-01,3.417000000000000037e-01,6.387000000000000455e-01,2.807999999999999940e-01,5.793000000000000371e-01,4.391999999999999793e-01,5.373999999999999888e-01,3.423999999999999821e-01,5.096000000000000529e-01
5.330000000000000016e-02,8.748000000000000220e-01,1.817999999999999894e-01,1.072899999999999965e+00,2.553000000000000269e-01,1.123699999999999921e+00,-2.450000000000000094e-02,1.760299999999999976e+00,-3.000000000000000062e-03,2.008999999999999897e+00,4.320000000000000229e-02,-5.349999999999999895e-02
6.288000000000000256e-01,4.747999999999999998e-01,3.035999999999999810e-01,1.429400000000000004e+00,1.955999999999999961e-01,1.249500000000000055e+00,3.526000000000000245e-01,1.368400000000000061e+00,2.818999999999999839e-01,1.080300000000000038e+00,2.703999999999999737e-01,1.468299999999999939e+00
3.126999999999999780e-01,7.935999999999999721e-01,2.429999999999999938e-01,1.480399999999999938e+00,1.330999999999999961e-01,1.843299999999999939e+00,1.918999999999999873e-01,1.538599999999999968e+00,8.089999999999999969e-02,1.620200000000000085e+00,2.306999999999999884e-01,1.493000000000000105e+00
4.778000000000000025e-01,5.677999999999999714e-01,8.713999999999999524e-01,7.461999999999999744e-01,9.054999999999999716e-01,9.498999999999999666e-01,8.423000000000000487e-01,7.811000000000000165e-01,9.141000000000000236e-01,9.747000000000000108e-01,7.781000000000000139e-01,8.621999999999999664e-01
5.793000000000000371e-01,5.255999999999999561e-01,2.275000000000000078e-01,6.282999999999999696e-01,2.349999999999999867e-01,4.414000000000000146e-01,3.038000000000000145e-01,5.315999999999999615e-01,2.404000000000000026e-01,4.183000000000000052e-01,2.990999999999999770e-01,5.355999999999999650e-01
1.100400000000000045e+00,1.080000000000000057e-02,1.540999999999999925e+00,1.791000000000000092e-01,9.895000000000000462e-01,8.366000000000000103e-01,1.446099999999999941e+00,2.887000000000000122e-01,9.364000000000000101e-01,7.076000000000000068e-01,1.512699999999999934e+00,2.114000000000000046e-01
1.052100000000000035e+00,6.650000000000000355e-02,7.528000000000000247e-01,9.807000000000000162e-01,6.024000000000000465e-01,8.702999999999999625e-01,7.802999999999999936e-01,9.459999999999999520e-01,7.221999999999999531e-01,6.506999999999999451e-01,7.260999999999999677e-01,1.012000000000000011e+00
5.268000000000000460e-01,3.336000000000000076e-01,6.996999999999999886e-01,4.975999999999999868e-01,9.724000000000000421e-01,3.158000000000000251e-01,1.717100000000000071e+00,1.849999999999999908e-02,1.060000000000000005e-02,1.983800000000000008e+00,-2.129999999999999949e-02,2.460000000000000034e-02
4.688999999999999835e-01,4.092000000000000082e-01,6.791000000000000369e-01,7.028999999999999693e-01,8.471999999999999531e-01,7.168999999999999817e-01,6.372999999999999776e-01,7.540000000000000036e-01,7.336000000000000298e-01,8.768000000000000238e-01,7.610999999999999988e-01,6.114000000000000545e-01
1.091399999999999926e+00,1.499999999999999944e-02,7.516000000000000458e-01,9.931999999999999718e-01,6.739000000000000545e-01,4.223999999999999977e-01,9.436999999999999833e-01,7.682999999999999829e-01,6.293999999999999595e-01,4.399000000000000132e-01,8.063000000000000167e-01,9.297999999999999599e-01
5.883000000000000451e-01,4.444000000000000172e-01,9.442000000000000393e-01,6.742000000000000215e-01,1.223799999999999999e+00,5.907000000000000028e-01,1.045900000000000052e+00,5.541000000000000369e-01,1.129099999999999993e+00,7.246000000000000218e-01,1.068699999999999983e+00,5.271000000000000130e-01
1.151899999999999924e+00,-5.419999999999999818e-02,6.338000000000000300e-01,3.940000000000000169e-01,4.541999999999999926e-01,3.527000000000000135e-01,5.905000000000000249e-01,4.521999999999999909e-01,5.814000000000000279e-01,1.834999999999999964e-01,6.035000000000000364e-01,4.319999999999999951e-01
1.479000000000000037e-01,2.250999999999999945e-01,1.985999999999999988e-01,3.961000000000000076e-01,2.674000000000000266e-01,3.986000000000000099e-01,1.340000000000000080e-01,4.689999999999999725e-01,2.303999999999999937e-01,4.534000000000000252e-01,1.998999999999999944e-01,3.911000000000000032e-01
5.735999999999999988e-01,5.383000000000000007e-01,2.750000000000000222e-01,1.314899999999999958e+00,2.674000000000000266e-01,7.520999999999999908e-01,3.316000000000000059e-01,1.253500000000000059e+00,2.474000000000000088e-01,7.465000000000000524e-01,2.832000000000000073e-01,1.306000000000000050e+00
4.494000000000000217e-01,3.015999999999999792e-01,6.661000000000000254e-01,5.118000000000000327e-01,8.272000000000000464e-01,5.039000000000000146e-01,7.379999999999999893e-01,4.324000000000000066e-01,8.065999999999999837e-01,5.531000000000000361e-01,7.673999999999999710e-01,3.958999999999999742e-01
3.847999999999999754e-01,2.801000000000000156e-01,5.886000000000000121e-01,4.592999999999999861e-01,7.417000000000000259e-01,4.386999999999999789e-01,5.876000000000000112e-01,4.591999999999999971e-01,7.156000000000000139e-01,4.903000000000000136e-01,6.482999999999999874e-01,3.881999999999999895e-01
3.478999999999999870e-01,6.417000000000000481e-01,6.092999999999999527e-01,7.008999999999999675e-01,7.564999999999999503e-01,6.621000000000000218e-01,1.628200000000000092e+00,1.223999999999999949e-01,1.491999999999999993e-01,1.828500000000000014e+00,-1.959999999999999937e-02,2.299999999999999961e-02
4.159999999999999809e-01,1.653999999999999915e-01,6.349000000000000199e-01,2.782999999999999918e-01,6.370000000000000107e-01,4.172000000000000153e-01,6.487000000000000544e-01,2.576999999999999846e-01,6.379000000000000226e-01,4.257000000000000228e-01,6.367000000000000437e-01,2.738999999999999768e-01
1.082000000000000073e+00,2.939999999999999905e-02,6.795999999999999819e-01,1.778000000000000136e-01,5.755000000000000115e-01,1.053000000000000047e-01,7.075000000000000178e-01,1.408999999999999975e-01,5.594999999999999973e-01,1.105000000000000010e-01,8.246999999999999886e-01,-2.299999999999999961e-03
5.665000000000000036e-01,4.000000000000000222e-01,8.040000000000000480e-01,4.914000000000000035e-01,9.725000000000000311e-01,4.350999999999999868e-01,1.770100000000000007e+00,-5.090000000000000080e-02,-6.529999999999999694e-02,2.077399999999999913e+00,8.140000000000000013e-02,-9.729999999999999760e-02
9.650000000000000244e-02,8.799999999999999489e-02,5.990000000000000185e-02,2.461000000000000132e-01,1.444999999999999896e-01,1.877000000000000057e-01,1.419999999999999873e-01,1.516000000000000125e-01,1.661999999999999866e-01,1.680000000000000104e-01,1.161999999999999977e-01,1.799000000000000044e-01
1.016199999999999992e+00,1.034000000000000058e-01,4.259000000000000008e-01,4.573999999999999733e-01,3.614999999999999880e-01,3.437000000000000055e-01,3.997999999999999887e-01,4.865999999999999770e-01,3.649999999999999911e-01,3.214000000000000190e-01,4.585000000000000187e-01,4.219999999999999862e-01
1.096600000000000019e+00,1.159999999999999920e-02,5.389000000000000457e-01,6.236000000000000432e-01,4.290999999999999814e-01,4.440999999999999948e-01,4.939000000000000057e-01,6.775999999999999801e-01,5.014999999999999458e-01,3.356000000000000094e-01,5.481000000000000316e-01,6.098999999999999977e-01
3.740000000000000269e-02,3.976999999999999980e-01,1.968000000000000027e-01,5.587999999999999634e-01,3.629999999999999893e-01,5.027000000000000357e-01,5.700000000000000205e-03,1.723799999999999999e+00,5.879999999999999810e-02,-6.790000000000000202e-02,4.370000000000000273e-02,-5.240000000000000213e-02
-1.760000000000000106e-02,7.540000000000000036e-01,2.605999999999999983e-01,7.782999999999999918e-01,3.202999999999999736e-01,8.501999999999999558e-01,3.799999999999999906e-02,1.688499999999999890e+00,-8.699999999999999400e-03,2.010800000000000143e+00,1.600000000000000077e-03,-5.199999999999999761e-03
6.267000000000000348e-01,4.142000000000000126e-01,9.552000000000000490e-01,6.794999999999999929e-01,1.028299999999999992e+00,8.437000000000000055e-01,9.688999999999999835e-01,6.654999999999999805e-01,1.223899999999999988e+00,6.473999999999999755e-01,9.202000000000000179e-01,7.226000000000000201e-01
2.914999999999999813e-01,2.898000000000000020e-01,3.733000000000000207e-01,5.469000000000000528e-01,3.423999999999999821e-01,7.258000000000000007e-01,3.200000000000000067e-01,6.139999999999999902e-01,4.248000000000000109e-01,6.449000000000000288e-01,2.811000000000000165e-01,6.646999999999999575e-01
1.156999999999999973e-01,3.931999999999999940e-01,2.232999999999999985e-01,5.684000000000000163e-01,3.135999999999999899e-01,5.739999999999999547e-01,2.220999999999999919e-01,5.673000000000000265e-01,1.696999999999999897e-01,7.594999999999999529e-01,1.935999999999999943e-01,6.001999999999999558e-01
1.167599999999999971e+00,-7.009999999999999565e-02,3.770000000000000018e-01,1.358999999999999986e+00,2.343000000000000083e-01,1.332699999999999996e+00,4.708999999999999853e-01,1.250899999999999901e+00,2.914999999999999813e-01,1.174700000000000077e+00,3.579999999999999849e-01,1.382700000000000040e+00
3.312999999999999834e-01,2.212999999999999967e-01,5.528999999999999471e-01,3.276000000000000023e-01,7.630000000000000115e-01,2.247000000000000108e-01,1.775099999999999900e+00,-4.959999999999999826e-02,-1.122999999999999970e-01,2.130399999999999849e+00,3.450000000000000289e-02,-4.120000000000000051e-02
3.180000000000000188e-02,6.007000000000000117e-01,9.279999999999999361e-02,8.930000000000000160e-01,6.660000000000000642e-02,1.058400000000000007e+00,1.870999999999999885e-01,7.811000000000000165e-01,1.862000000000000044e-01,9.383000000000000229e-01,1.827000000000000013e-01,7.887999999999999456e-01
2.807999999999999940e-01,2.562999999999999723e-01,4.487999999999999767e-01,3.872999999999999776e-01,5.796000000000000041e-01,3.614999999999999880e-01,4.806000000000000272e-01,3.484999999999999765e-01,5.998999999999999888e-01,3.518000000000000016e-01,4.773999999999999910e-01,3.544999999999999818e-01
9.807000000000000162e-01,1.492999999999999883e-01,1.107099999999999973e+00,6.114000000000000545e-01,7.684999999999999609e-01,2.679000000000000270e-01,9.558999999999999719e-01,7.914999999999999813e-01,7.832000000000000073e-01,2.189000000000000112e-01,1.040300000000000002e+00,6.887999999999999678e-01
3.197999999999999732e-01,7.852000000000000091e-01,6.012999999999999456e-01,1.135000000000000009e+00,7.234000000000000430e-01,1.198299999999999921e+00,1.628900000000000015e+00,1.247999999999999943e-01,-4.420000000000000318e-02,2.053300000000000125e+00,8.169999999999999485e-02,1.635799999999999921e+00
3.376000000000000112e-01,4.681000000000000161e-01,7.721999999999999975e-01,3.205000000000000071e-01,7.227000000000000091e-01,5.211000000000000076e-01,1.563600000000000101e+00,1.940999999999999948e-01,5.300000000000000024e-03,1.993600000000000039e+00,-4.299999999999999656e-02,5.260000000000000092e-02
6.391999999999999904e-01,4.687999999999999945e-01,9.039000000000000368e-01,8.416000000000000147e-01,1.061399999999999899e+00,8.376000000000000112e-01,1.598700000000000010e+00,1.592999999999999972e-01,1.972199999999999953e+00,3.309999999999999748e-02,-9.979999999999999982e-02,1.852400000000000047e+00
4.731000000000000205e-01,8.559999999999999554e-02,7.429000000000000048e-01,1.325000000000000067e-01,9.044999999999999707e-01,8.169999999999999485e-02,8.110000000000000542e-01,4.619999999999999801e-02,8.390999999999999570e-01,1.784000000000000030e-01,7.406000000000000361e-01,1.351999999999999869e-01
1.141899999999999915e+00,-4.700000000000000011e-02,6.573999999999999844e-01,7.772999999999999909e-01,5.479000000000000536e-01,4.381999999999999784e-01,7.244000000000000439e-01,6.954000000000000181e-01,5.709999999999999520e-01,3.822999999999999732e-01,7.053000000000000380e-01,7.203000000000000513e-01
1.090600000000000014e+00,1.859999999999999848e-02,6.089999999999999858e-01,1.122400000000000064e+00,4.900999999999999801e-01,5.531000000000000361e-01,5.431000000000000272e-01,1.201300000000000034e+00,5.041999999999999815e-01,5.040000000000000036e-01,5.107000000000000428e-01,1.237100000000000088e+00
2.535999999999999921e-01,1.079999999999999988e-01,5.554000000000000048e-01,1.227000000000000035e-01,7.169999999999999707e-01,7.059999999999999609e-02,1.696900000000000075e+00,4.170000000000000095e-02,-1.439999999999999961e-02,1.760000000000000106e-02,-1.015999999999999959e-01,1.215999999999999998e-01
1.036699999999999955e+00,8.219999999999999529e-02,8.868000000000000327e-01,8.528000000000000025e-01,7.259999999999999787e-01,4.464000000000000190e-01,1.059900000000000064e+00,6.539000000000000368e-01,6.681000000000000272e-01,4.768999999999999906e-01,9.638999999999999790e-01,7.606000000000000538e-01
1.103499999999999925e+00,3.500000000000000073e-03,5.618999999999999551e-01,1.930000000000000049e-01,4.269999999999999907e-01,1.960999999999999965e-01,5.009000000000000119e-01,2.624000000000000221e-01,4.615000000000000213e-01,1.391000000000000014e-01,5.808999999999999719e-01,1.711999999999999911e-01
3.492999999999999994e-01,3.879000000000000226e-01,4.467999999999999750e-01,7.277000000000000135e-01,5.066000000000000503e-01,8.343000000000000416e-01,6.363999999999999657e-01,5.004999999999999449e-01,6.528000000000000469e-01,6.812000000000000277e-01,4.984999999999999987e-01,6.693999999999999950e-01
1.580999999999999905e-01,3.713000000000000189e-01,3.274000000000000243e-01,4.837000000000000188e-01,2.731000000000000094e-01,6.740000000000000435e-01,4.187000000000000166e-01,3.730999999999999872e-01,3.720999999999999863e-01,5.649999999999999467e-01,3.401000000000000134e-01,4.672999999999999932e-01
3.392999999999999905e-01,1.388000000000000067e-01,2.235000000000000042e-01,3.139999999999999736e-02,7.320000000000000118e-02,1.648000000000000020e-01,2.142999999999999905e-01,4.109999999999999765e-02,1.466000000000000081e-01,7.950000000000000122e-02,1.839999999999999969e-01,7.610000000000000098e-02
5.002999999999999670e-01,2.535999999999999921e-01,1.001900000000000013e+00,1.310000000000000053e-01,1.054300000000000015e+00,2.530999999999999917e-01,8.934999999999999609e-01,2.607999999999999763e-01,1.017600000000000060e+00,3.171999999999999820e-01,9.821999999999999620e-01,1.565999999999999892e-01
2.124000000000000055e-01,6.169000000000000039e-01,4.336999999999999744e-01,8.491999999999999549e-01,4.279000000000000026e-01,1.041800000000000059e+00,4.310999999999999832e-01,8.475000000000000311e-01,4.554000000000000270e-01,1.033700000000000063e+00,3.459999999999999742e-01,9.527999999999999803e-01
3.168000000000000260e-01,1.169000000000000039e-01,7.907999999999999474e-01,-7.259999999999999787e-02,8.958000000000000407e-01,-5.689999999999999919e-02,1.596400000000000041e+00,1.593999999999999861e-01,-4.349999999999999700e-02,5.029999999999999749e-02,-4.989999999999999991e-02,5.970000000000000306e-02
1.822999999999999898e-01,6.264999999999999458e-01,1.940000000000000058e-01,1.089599999999999902e+00,2.838999999999999857e-01,1.166500000000000092e+00,2.785000000000000253e-01,9.865000000000000435e-01,3.378999999999999782e-01,1.124600000000000044e+00,2.202999999999999958e-01,1.059099999999999930e+00
1.143699999999999939e+00,-4.719999999999999890e-02,5.847999999999999865e-01,9.845000000000000417e-01,6.145000000000000462e-01,3.859000000000000208e-01,6.834999999999999964e-01,8.577000000000000179e-01,5.856999999999999984e-01,3.927999999999999825e-01,6.892000000000000348e-01,8.598999999999999977e-01
6.420000000000000151e-01,1.711999999999999911e-01,8.587000000000000188e-01,4.431999999999999829e-01,9.461000000000000520e-01,5.423999999999999932e-01,1.049099999999999921e+00,2.220000000000000029e-01,1.132600000000000051e+00,3.474999999999999756e-01,9.112999999999999989e-01,3.815000000000000058e-01
2.999999999999999889e-01,2.842999999999999972e-01,5.036000000000000476e-01,4.081000000000000183e-01,6.104000000000000536e-01,4.228999999999999981e-01,4.809999999999999831e-01,4.380000000000000004e-01,5.600000000000000533e-01,5.011999999999999789e-01,4.791000000000000258e-01,4.364000000000000101e-01
6.050999999999999712e-01,3.129000000000000115e-01,1.013600000000000056e+00,4.144999999999999796e-01,1.062799999999999967e+00,5.765000000000000124e-01,9.326999999999999735e-01,5.089000000000000190e-01,1.094600000000000017e+00,5.686999999999999833e-01,9.347999999999999643e-01,5.066000000000000503e-01
1.044399999999999995e+00,7.249999999999999500e-02,7.841000000000000192e-01,6.701000000000000290e-01,5.829999999999999627e-01,4.092000000000000082e-01,7.339999999999999858e-01,7.407000000000000250e-01,4.949999999999999956e-01,4.885999999999999788e-01,7.532999999999999696e-01,7.147999999999999909e-01
2.748999999999999777e-01,8.322000000000000508e-01,7.549999999999999767e-02,8.469999999999999751e-01,1.179000000000000048e-01,6.080999999999999739e-01,2.079000000000000015e-01,6.937999999999999723e-01,1.132999999999999979e-01,5.986000000000000210e-01,1.855999999999999872e-01,7.187000000000000055e-01
3.017000000000000237e-01,1.810000000000000150e-02,5.904000000000000359e-01,5.249999999999999806e-02,8.312000000000000499e-01,-9.489999999999999825e-02,1.793900000000000050e+00,-7.140000000000000513e-02,2.200000000000000133e-03,-2.399999999999999790e-03,1.699999999999999905e-03,-1.600000000000000077e-03
1.133099999999999996e+00,-3.640000000000000180e-02,4.324999999999999956e-01,4.307000000000000273e-01,3.780000000000000027e-01,3.109000000000000097e-01,4.364000000000000101e-01,4.284999999999999920e-01,3.326000000000000068e-01,3.504999999999999782e-01,4.787000000000000144e-01,3.815000000000000058e-01
2.348999999999999977e-01,1.441999999999999948e-01,2.265000000000000069e-01,3.929000000000000270e-01,2.736000000000000099e-01,4.295999999999999819e-01,2.931000000000000272e-01,3.111999999999999766e-01,2.363000000000000100e-01,4.802000000000000157e-01,2.454000000000000070e-01,3.725999999999999868e-01
3.019000000000000017e-01,8.004999999999999893e-01,2.399000000000000021e-01,1.477400000000000047e+00,1.680999999999999994e-01,1.178700000000000081e+00,1.255999999999999894e-01,1.612900000000000000e+00,1.998000000000000054e-01,1.084999999999999964e+00,1.193000000000000033e-01,1.621699999999999919e+00
5.978999999999999870e-01,2.631000000000000005e-01,9.245999999999999774e-01,2.454000000000000070e-01,1.040699999999999958e+00,2.497000000000000053e-01,1.743200000000000083e+00,-1.209999999999999964e-02,2.035699999999999843e+00,-4.279999999999999777e-02,5.510000000000000314e-02,-6.859999999999999432e-02
5.022999999999999687e-01,2.295999999999999985e-01,8.094999999999999973e-01,3.391000000000000125e-01,8.645000000000000462e-01,4.546000000000000041e-01,7.044000000000000261e-01,4.620000000000000218e-01,8.430999999999999606e-01,5.024999999999999467e-01,7.604999999999999538e-01,3.983999999999999764e-01
4.818999999999999950e-01,5.060000000000000053e-01,7.012000000000000455e-01,8.558999999999999941e-01,8.285000000000000142e-01,9.375999999999999890e-01,6.944000000000000172e-01,8.615000000000000435e-01,7.004000000000000226e-01,1.112700000000000022e+00,7.276000000000000245e-01,8.193000000000000282e-01
4.596999999999999975e-01,2.748999999999999777e-01,7.481999999999999762e-01,3.990000000000000213e-01,9.197999999999999510e-01,3.745999999999999885e-01,7.880000000000000338e-01,3.528999999999999915e-01,8.253000000000000336e-01,5.067000000000000393e-01,7.385000000000000453e-01,4.139999999999999791e-01
-5.410000000000000225e-02,8.424000000000000377e-01,2.829999999999999738e-01,8.134000000000000119e-01,4.023999999999999799e-01,8.135000000000000009e-01,6.599999999999999964e-03,1.724299999999999944e+00,-8.129999999999999727e-02,2.099400000000000155e+00,-3.590000000000000135e-02,4.370000000000000273e-02
1.161699999999999955e+00,-6.800000000000000488e-02,5.102999999999999758e-01,1.213400000000000034e+00,4.321999999999999731e-01,6.766999999999999682e-01,5.040000000000000036e-01,1.219600000000000017e+00,3.956000000000000072e-01,6.858999999999999542e-01,5.203999999999999737e-01,1.201400000000000023e+00
4.141000000000000236e-01,6.719000000000000528e-01,2.313999999999999946e-01,1.497700000000000031e+00,2.280000000000000082e-01,9.136999999999999567e-01,2.177999999999999936e-01,1.504499999999999948e+00,1.092000000000000054e-01,1.018999999999999906e+00,1.247000000000000053e-01,1.614500000000000046e+00
3.448999999999999844e-01,7.698000000000000398e-01,2.341999999999999915e-01,1.963000000000000023e-01,1.373999999999999944e-01,2.406000000000000083e-01,2.404000000000000026e-01,1.905999999999999917e-01,1.173000000000000015e-01,2.574000000000000177e-01,2.591999999999999860e-01,1.675000000000000100e-01
-2.000000000000000042e-02,8.819000000000000172e-01,2.727999999999999869e-01,8.867000000000000437e-01,2.715000000000000191e-01,1.033800000000000052e+00,1.348999999999999921e-01,1.575399999999999912e+00,2.450000000000000094e-02,1.974499999999999922e+00,2.900000000000000147e-02,-3.400000000000000244e-02
6.900000000000000577e-02,7.248999999999999888e-01,9.239999999999999603e-02,1.152900000000000036e+00,4.710000000000000298e-02,1.384400000000000075e+00,6.110000000000000153e-02,1.191899999999999959e+00,4.000000000000000083e-02,1.400800000000000045e+00,1.907000000000000084e-01,1.034100000000000019e+00
-5.619999999999999996e-02,6.196000000000000396e-01,6.959999999999999520e-02,8.052000000000000268e-01,1.928999999999999881e-01,8.024999999999999911e-01,2.680000000000000090e-02,1.702399999999999913e+00,5.079999999999999793e-02,1.938199999999999923e+00,3.790000000000000313e-02,-4.510000000000000120e-02
1.114400000000000057e+00,-1.480000000000000066e-02,6.320999999999999952e-01,8.079999999999999682e-02,5.396999999999999575e-01,4.139999999999999930e-02,5.879999999999999671e-01,1.360000000000000098e-01,4.192000000000000171e-01,1.711000000000000021e-01,5.523000000000000131e-01,1.766999999999999960e-01
5.933000000000000496e-01,5.123999999999999666e-01,3.009000000000000008e-01,4.766000000000000236e-01,2.757000000000000006e-01,3.483999999999999875e-01,2.429999999999999938e-01,5.403000000000000025e-01,2.414000000000000035e-01,3.768000000000000238e-01,3.809000000000000163e-01,3.783000000000000251e-01
4.655000000000000249e-01,3.234000000000000208e-01,6.665999999999999703e-01,5.896000000000000130e-01,7.813999999999999835e-01,6.413999999999999702e-01,7.480999999999999872e-01,4.870999999999999774e-01,8.390999999999999570e-01,5.938999999999999835e-01,7.590000000000000080e-01,4.737999999999999989e-01
3.630999999999999783e-01,3.763000000000000234e-01,5.393000000000000016e-01,6.264999999999999458e-01,6.058999999999999941e-01,7.227000000000000091e-01,5.749999999999999556e-01,5.816000000000000059e-01,5.515999999999999792e-01,8.031000000000000361e-01,5.456999999999999629e-01,6.141999999999999682e-01
1.090400000000000036e+00,1.660000000000000017e-02,6.834999999999999964e-01,4.016000000000000125e-01,5.538999999999999480e-01,2.773999999999999799e-01,6.935999999999999943e-01,3.947999999999999843e-01,5.648999999999999577e-01,2.432999999999999885e-01,7.215000000000000302e-01,3.608999999999999986e-01
3.435000000000000275e-01,7.500999999999999890e-01,1.504000000000000059e-01,4.932000000000000273e-01,6.410000000000000420e-02,4.825999999999999734e-01,2.268999999999999906e-01,4.037999999999999923e-01,1.557000000000000051e-01,3.627000000000000224e-01,6.049999999999999822e-02,6.039999999999999813e-01
1.127299999999999969e+00,-2.910000000000000087e-02,5.483999999999999986e-01,3.926000000000000045e-01,4.000000000000000222e-01,3.539999999999999813e-01,4.938000000000000167e-01,4.571000000000000063e-01,3.573999999999999955e-01,3.830999999999999961e-01,3.599999999999999867e-01,6.188000000000000167e-01
1.134400000000000075e+00,-3.280000000000000276e-02,3.935000000000000164e-01,4.391999999999999793e-01,3.808000000000000274e-01,2.834999999999999742e-01,4.294000000000000039e-01,3.986999999999999988e-01,3.469999999999999751e-01,3.055999999999999828e-01,3.492999999999999994e-01,4.929000000000000048e-01
1.168299999999999894e+00,-7.610000000000000098e-02,5.485999999999999766e-01,1.192800000000000082e+00,5.698999999999999622e-01,4.531999999999999917e-01,5.989999999999999769e-01,1.130500000000000060e+00,4.773000000000000020e-01,5.330000000000000293e-01,5.430000000000000382e-01,1.196900000000000075e+00
1.153599999999999959e+00,-5.469999999999999862e-02,4.680000000000000271e-01,3.563999999999999946e-01,3.592000000000000193e-01,3.113000000000000211e-01,3.693000000000000171e-01,4.763999999999999901e-01,3.755999999999999894e-01,2.743999999999999773e-01,4.279000000000000026e-01,4.028999999999999804e-01
3.338999999999999746e-01,7.762999999999999901e-01,7.458000000000000185e-01,7.458000000000000185e-01,7.756999999999999451e-01,8.486000000000000210e-01,1.733500000000000041e+00,6.999999999999999929e-04,-8.480000000000000038e-02,2.099899999999999878e+00,-2.779999999999999832e-02,1.761200000000000099e+00
3.663000000000000145e-01,5.339000000000000412e-01,4.716000000000000192e-01,9.602000000000000535e-01,5.079000000000000181e-01,1.127099999999999991e+00,5.362999999999999989e-01,8.867000000000000437e-01,5.594999999999999973e-01,1.094100000000000072e+00,5.605999999999999872e-01,8.596000000000000307e-01
3.698000000000000176e-01,1.077000000000000041e-01,5.223999999999999755e-01,2.341000000000000025e-01,5.437999999999999501e-01,3.332999999999999852e-01,5.149000000000000243e-01,2.459000000000000075e-01,5.891999999999999460e-01,2.902000000000000135e-01,5.627999999999999670e-01,1.885000000000000009e-01
1.302999999999999992e-01,5.143999999999999684e-01,2.051000000000000045e-01,8.056999999999999718e-01,2.318000000000000060e-01,9.194999999999999840e-01,1.189000000000000057e-01,9.102999999999999980e-01,2.451000000000000123e-01,9.203999999999999959e-01,6.869999999999999718e-02,9.647999999999999909e-01
6.919999999999999485e-01,1.084999999999999992e-01,1.126700000000000035e+00,1.213999999999999940e-01,1.123299999999999965e+00,3.257999999999999785e-01,9.781999999999999584e-01,2.988999999999999990e-01,1.109099999999999975e+00,3.648000000000000131e-01,9.312000000000000277e-01,3.528000000000000025e-01
2.265000000000000069e-01,6.848999999999999533e-01,5.587999999999999634e-01,6.635999999999999677e-01,5.984000000000000430e-01,7.635999999999999455e-01,1.766999999999999904e+00,-3.880000000000000115e-02,4.490000000000000241e-02,1.949400000000000022e+00,-5.390000000000000346e-02,6.500000000000000222e-02
3.009000000000000008e-01,2.210999999999999910e-01,5.386999999999999567e-01,3.073000000000000176e-01,6.518000000000000460e-01,3.179000000000000159e-01,1.887999999999999901e+00,-1.786000000000000087e-01,1.250000000000000069e-02,-1.310000000000000053e-02,4.309999999999999942e-02,-5.170000000000000290e-02
1.312000000000000111e-01,7.093000000000000416e-01,3.947999999999999843e-01,7.672999999999999821e-01,5.272000000000000020e-01,7.553999999999999604e-01,1.743300000000000072e+00,-1.250000000000000069e-02,2.350000000000000006e-02,1.975500000000000034e+00,2.500000000000000052e-03,-3.899999999999999821e-03
