4.208000000000000074e-01,6.740000000000000435e-01,1.650999999999999968e-01,7.591999999999999860e-01,1.809999999999999942e-01,5.447999999999999510e-01,1.706999999999999906e-01,7.553999999999999604e-01,1.635000000000000064e-01,5.492000000000000215e-01,2.597999999999999754e-01,6.454999999999999627e-01
6.199000000000000066e-01,4.778999999999999915e-01,9.527999999999999803e-01,7.462999999999999634e-01,9.740999999999999659e-01,8.632999999999999563e-01,1.677100000000000035e+00,6.199999999999999956e-02,2.027099999999999902e+00,-3.009999999999999828e-02,1.510000000000000057e-02,1.714699999999999891e+00
3.760000000000000148e-02,7.113000000000000433e-01,4.991999999999999771e-01,5.376999999999999558e-01,6.048999999999999932e-01,5.530000000000000471e-01,1.663499999999999979e+00,8.210000000000000631e-02,-1.890000000000000013e-02,2.024099999999999788e+00,1.399999999999999986e-03,-3.000000000000000062e-03
2.829999999999999877e-02,1.087399999999999922e+00,1.068999999999999950e-01,6.260999999999999899e-01,1.088999999999999968e-01,4.879000000000000004e-01,-3.670000000000000345e-02,7.977999999999999536e-01,-6.909999999999999476e-02,6.871000000000000441e-01,4.170000000000000095e-02,7.047999999999999821e-01
3.568000000000000060e-01,4.783999999999999919e-01,7.597000000000000419e-01,3.709000000000000075e-01,7.185000000000000275e-01,5.614000000000000101e-01,1.689699999999999980e+00,4.819999999999999979e-02,-5.500000000000000028e-02,2.069799999999999862e+00,1.110000000000000049e-02,-1.069999999999999944e-02
4.809999999999999692e-02,1.007400000000000073e+00,4.295999999999999819e-01,9.304000000000000048e-01,4.477999999999999758e-01,1.047199999999999909e+00,1.756000000000000005e+00,-3.379999999999999671e-02,-7.480000000000000537e-02,2.089300000000000157e+00,-4.250000000000000305e-02,5.140000000000000124e-02
1.673999999999999932e-01,3.896999999999999909e-01,4.111000000000000210e-01,4.741000000000000214e-01,6.152999999999999581e-01,3.688000000000000167e-01,1.697899999999999965e+00,3.139999999999999736e-02,-5.519999999999999907e-02,2.065199999999999925e+00,-4.320000000000000229e-02,5.020000000000000157e-02
3.145000000000000018e-01,7.818000000000000504e-01,1.241000000000000020e-01,5.976000000000000201e-01,1.229999999999999982e-01,4.677000000000000046e-01,1.219999999999999973e-01,6.059999999999999831e-01,1.648999999999999910e-01,4.057999999999999940e-01,7.689999999999999614e-02,6.545999999999999597e-01
2.918000000000000038e-01,2.718999999999999750e-01,6.459000000000000297e-01,2.240999999999999936e-01,7.378000000000000114e-01,2.574000000000000177e-01,1.683400000000000007e+00,6.250000000000000000e-02,2.860000000000000042e-02,1.964399999999999924e+00,-5.599999999999999943e-03,6.499999999999999702e-03
5.142999999999999794e-01,4.670000000000000262e-01,6.954000000000000181e-01,6.312999999999999723e-01,8.395000000000000240e-01,5.980999999999999650e-01,1.833599999999999897e+00,-1.194999999999999951e-01,6.729999999999999871e-02,1.927100000000000035e+00,4.320000000000000229e-02,-5.020000000000000157e-02
9.389999999999999736e-02,2.852000000000000091e-01,1.502000000000000002e-01,5.744000000000000217e-01,3.306000000000000050e-01,4.971999999999999753e-01,2.500000000000000139e-02,1.699300000000000033e+00,2.939999999999999905e-02,-3.570000000000000256e-02,-5.609999999999999709e-02,6.750000000000000444e-02
5.840000000000000052e-02,5.279000000000000359e-01,8.240000000000000102e-02,8.388999999999999790e-01,8.580000000000000127e-02,9.651999999999999469e-01,7.989999999999999880e-02,8.364000000000000323e-01,1.640000000000000138e-02,1.055800000000000072e+00,1.320000000000000062e-01,7.803999999999999826e-01
1.049999999999999961e-01,1.003300000000000081e+00,2.230000000000000038e-02,5.879999999999999671e-01,3.429999999999999716e-02,4.697000000000000064e-01,1.248999999999999971e-01,4.665000000000000258e-01,6.710000000000000686e-02,4.224999999999999867e-01,1.029999999999999943e-01,4.903000000000000136e-01
5.522000000000000242e-01,9.600000000000000200e-02,8.622999999999999554e-01,9.829999999999999849e-02,9.782999999999999474e-01,1.028000000000000025e-01,1.732199999999999962e+00,1.399999999999999986e-03,6.040000000000000230e-02,1.928700000000000081e+00,-1.110000000000000049e-02,1.420000000000000082e-02
7.560000000000000053e-02,4.798999999999999932e-01,1.068999999999999950e-01,7.653999999999999693e-01,2.250999999999999945e-01,7.442999999999999616e-01,2.162000000000000033e-01,6.340000000000000080e-01,1.731999999999999929e-01,8.273000000000000353e-01,1.715000000000000135e-01,6.874000000000000110e-01
3.815000000000000058e-01,3.331999999999999962e-01,6.461999999999999966e-01,3.912999999999999812e-01,7.057999999999999829e-01,4.556999999999999940e-01,1.709500000000000020e+00,2.520000000000000018e-02,-6.140000000000000319e-02,2.076499999999999790e+00,2.690000000000000030e-02,-3.109999999999999917e-02
4.895999999999999797e-01,2.424000000000000044e-01,8.585000000000000409e-01,1.686999999999999889e-01,1.021900000000000031e+00,1.227000000000000035e-01,1.728399999999999936e+00,-1.600000000000000077e-03,3.230000000000000232e-02,1.961699999999999999e+00,-3.790000000000000313e-02,4.569999999999999757e-02
5.699999999999999512e-01,1.948999999999999899e-01,6.662000000000000144e-01,5.775000000000000133e-01,7.901000000000000245e-01,6.218000000000000194e-01,7.056000000000000050e-01,5.305999999999999606e-01,7.961000000000000298e-01,6.350999999999999979e-01,7.591999999999999860e-01,4.699999999999999734e-01
1.201699999999999990e+00,-1.155999999999999944e-01,3.378999999999999782e-01,6.891000000000000458e-01,3.518999999999999906e-01,4.316999999999999726e-01,4.171000000000000263e-01,5.947000000000000064e-01,2.713999999999999746e-01,5.114999999999999547e-01,3.865000000000000102e-01,6.302999999999999714e-01
4.359999999999999987e-01,3.713000000000000189e-01,6.213999999999999524e-01,6.573999999999999844e-01,7.203000000000000513e-01,7.235000000000000320e-01,5.825000000000000178e-01,6.955999999999999961e-01,7.206000000000000183e-01,7.458000000000000185e-01,6.731000000000000316e-01,5.917000000000000037e-01
7.599999999999999811e-02,1.032000000000000028e+00,3.440000000000000002e-02,1.042799999999999949e+00,-1.569999999999999868e-02,8.486000000000000210e-01,4.830000000000000265e-02,1.026200000000000001e+00,9.170000000000000373e-02,7.006999999999999895e-01,-1.420000000000000082e-02,1.099299999999999944e+00
1.736999999999999933e-01,1.019999999999999934e-01,2.217999999999999972e-01,2.242999999999999994e-01,3.024999999999999911e-01,1.940000000000000058e-01,2.421000000000000096e-01,1.973000000000000032e-01,2.737999999999999878e-01,2.344999999999999862e-01,1.940000000000000058e-01,2.585000000000000075e-01
2.551999999999999824e-01,6.241999999999999771e-01,5.094999999999999529e-01,6.932000000000000384e-01,7.393999999999999462e-01,5.596999999999999753e-01,1.650500000000000078e+00,1.010999999999999954e-01,-2.089999999999999844e-02,2.025199999999999889e+00,4.510000000000000120e-02,-5.310000000000000137e-02
5.709999999999999798e-02,1.050300000000000011e+00,-1.100000000000000066e-03,4.328000000000000180e-01,1.622999999999999998e-01,1.708999999999999964e-01,-3.400000000000000244e-02,4.718999999999999861e-01,-1.949999999999999997e-02,3.805000000000000049e-01,-9.329999999999999405e-02,5.433999999999999941e-01
1.226000000000000006e-01,8.072000000000000286e-01,5.386999999999999567e-01,6.823000000000000176e-01,6.625999999999999668e-01,6.828999999999999515e-01,1.689300000000000024e+00,4.540000000000000285e-02,-1.990000000000000102e-02,2.019299999999999873e+00,-3.810000000000000192e-02,4.739999999999999769e-02
-7.180000000000000271e-02,6.558000000000000496e-01,2.116000000000000103e-01,6.707999999999999519e-01,3.327999999999999847e-01,6.743999999999999995e-01,3.570000000000000256e-02,1.688299999999999912e+00,5.099999999999999672e-02,1.946700000000000097e+00,-7.030000000000000138e-02,8.540000000000000369e-02
3.613000000000000100e-01,7.365000000000000435e-01,2.189000000000000112e-01,5.575999999999999845e-01,1.781999999999999973e-01,4.514000000000000234e-01,2.020000000000000129e-01,5.775000000000000133e-01,1.854999999999999982e-01,4.274999999999999911e-01,2.535999999999999921e-01,5.143999999999999684e-01
-6.099999999999999867e-02,1.181100000000000039e+00,1.039999999999999952e-02,1.661100000000000021e+00,9.170000000000000373e-02,1.701799999999999979e+00,1.159999999999999920e-02,1.715899999999999981e+00,-5.729999999999999677e-02,2.068799999999999972e+00,-1.859999999999999848e-02,1.750299999999999967e+00
7.489000000000000101e-01,2.026000000000000023e-01,1.055900000000000061e+00,4.587999999999999856e-01,1.076899999999999968e+00,6.636999999999999567e-01,9.010000000000000231e-01,6.377000000000000446e-01,1.106200000000000072e+00,6.627999999999999448e-01,9.711999999999999522e-01,5.536999999999999700e-01
-8.640000000000000457e-02,7.606000000000000538e-01,1.386000000000000010e-01,8.285000000000000142e-01,1.761000000000000065e-01,9.310000000000000497e-01,1.890000000000000013e-02,1.707500000000000018e+00,8.899999999999999578e-02,1.899299999999999988e+00,-2.259999999999999856e-02,2.659999999999999865e-02
1.105399999999999938e+00,-1.500000000000000031e-03,8.807000000000000384e-01,8.586000000000000298e-01,7.397000000000000242e-01,7.914999999999999813e-01,8.298999999999999710e-01,9.164999999999999813e-01,6.437000000000000499e-01,8.199999999999999512e-01,8.559999999999999831e-01,8.871999999999999886e-01
1.103900000000000103e+00,1.500000000000000031e-03,1.563900000000000068e+00,1.408000000000000085e-01,1.042799999999999949e+00,2.625000000000000111e-01,1.342200000000000060e+00,4.042000000000000037e-01,9.119000000000000439e-01,3.649000000000000021e-01,1.385599999999999943e+00,3.508000000000000007e-01
9.852999999999999536e-01,1.292999999999999983e-01,4.344999999999999973e-01,2.152000000000000024e-01,3.437000000000000055e-01,1.953999999999999904e-01,4.098999999999999866e-01,2.470999999999999863e-01,3.284000000000000252e-01,2.031999999999999917e-01,4.199999999999999845e-01,2.330000000000000127e-01
7.741000000000000103e-01,1.945999999999999952e-01,1.068400000000000016e+00,4.754999999999999782e-01,1.394300000000000095e+00,3.300000000000000155e-01,1.170700000000000074e+00,3.506000000000000227e-01,1.342999999999999972e+00,4.204999999999999849e-01,1.218299999999999939e+00,2.957000000000000184e-01
2.242999999999999994e-01,6.124000000000000554e-01,4.186000000000000276e-01,7.551999999999999824e-01,5.786999999999999922e-01,7.056999999999999940e-01,1.668500000000000094e+00,7.699999999999999900e-02,-8.110000000000000542e-02,2.092600000000000016e+00,-5.970000000000000306e-02,7.009999999999999565e-02
5.081999999999999851e-01,5.909999999999999698e-01,7.890000000000000346e-01,7.576000000000000512e-01,8.672999999999999599e-01,8.024999999999999911e-01,1.677599999999999980e+00,6.539999999999999980e-02,-5.020000000000000157e-02,2.058300000000000018e+00,8.400000000000000522e-02,1.632800000000000029e+00
3.392999999999999905e-01,5.054999999999999494e-01,6.029999999999999805e-01,7.079999999999999627e-01,7.056000000000000050e-01,7.813999999999999835e-01,6.101999999999999647e-01,7.022000000000000464e-01,7.245000000000000329e-01,7.863999999999999879e-01,5.652000000000000357e-01,7.547000000000000375e-01
1.125000000000000000e+00,-2.639999999999999986e-02,1.185100000000000042e+00,5.672000000000000375e-01,9.300000000000000488e-01,2.285000000000000087e-01,1.218800000000000106e+00,5.272999999999999909e-01,8.380999999999999561e-01,2.953000000000000069e-01,1.288499999999999979e+00,4.425999999999999934e-01
7.853999999999999870e-01,3.098000000000000198e-01,2.998999999999999999e-01,6.875999999999999890e-01,2.856000000000000205e-01,4.767000000000000126e-01,3.644000000000000017e-01,6.129999999999999893e-01,2.626000000000000001e-01,4.918000000000000149e-01,2.999999999999999889e-01,6.888999999999999568e-01
2.043000000000000094e-01,1.527999999999999914e-01,3.941000000000000059e-01,1.482999999999999874e-01,4.314000000000000057e-01,1.899000000000000132e-01,4.243999999999999995e-01,1.136000000000000065e-01,5.052999999999999714e-01,1.130000000000000032e-01,4.428000000000000269e-01,8.949999999999999623e-02
4.455000000000000071e-01,6.605999999999999650e-01,2.376999999999999946e-01,6.792000000000000259e-01,2.447999999999999898e-01,4.712999999999999967e-01,2.567999999999999727e-01,6.522999999999999909e-01,3.088000000000000189e-01,3.794000000000000150e-01,2.069999999999999896e-01,7.138999999999999790e-01
3.389999999999999958e-02,6.709000000000000519e-01,4.033999999999999808e-01,6.058000000000000052e-01,4.848999999999999977e-01,6.530000000000000249e-01,1.695999999999999952e+00,4.939999999999999947e-02,-7.459999999999999964e-02,2.088600000000000012e+00,-6.100000000000000387e-03,7.900000000000000772e-03
2.429000000000000048e-01,8.192000000000000393e-01,5.522000000000000242e-01,8.254000000000000226e-01,6.583999999999999853e-01,8.397000000000000020e-01,1.758499999999999952e+00,-2.970000000000000070e-02,1.116999999999999937e-01,1.871199999999999974e+00,2.009999999999999981e-02,1.704900000000000082e+00
2.097999999999999865e-01,4.697000000000000064e-01,2.147999999999999909e-01,8.690999999999999837e-01,2.708999999999999742e-01,9.603000000000000425e-01,2.064999999999999891e-01,8.809000000000000163e-01,1.751000000000000056e-01,1.090799999999999992e+00,1.633999999999999897e-01,9.364999999999999991e-01
1.416000000000000036e-01,9.664000000000000368e-01,7.030000000000000138e-02,8.975999999999999535e-01,1.443000000000000116e-01,5.990999999999999659e-01,4.979999999999999705e-02,9.250000000000000444e-01,1.006999999999999978e-01,6.328000000000000291e-01,6.130000000000000032e-02,9.041000000000000147e-01
6.448000000000000398e-01,4.650000000000000244e-01,3.659000000000000030e-01,8.760999999999999899e-01,2.214000000000000135e-01,7.023000000000000353e-01,3.701999999999999735e-01,8.750000000000000000e-01,2.980999999999999761e-01,5.869999999999999662e-01,3.130000000000000004e-01,9.374000000000000110e-01
-9.100000000000000450e-03,6.477000000000000535e-01,3.509999999999999926e-02,9.081000000000000183e-01,3.810000000000000192e-02,1.031800000000000050e+00,6.779999999999999916e-02,1.656900000000000039e+00,3.950000000000000039e-02,1.950299999999999923e+00,-2.489999999999999852e-02,3.090000000000000038e-02
2.787999999999999923e-01,1.947000000000000119e-01,4.153000000000000025e-01,3.330000000000000182e-01,4.492999999999999772e-01,4.032999999999999918e-01,3.633000000000000118e-01,3.906000000000000028e-01,4.544000000000000261e-01,4.106000000000000205e-01,3.181999999999999829e-01,4.396999999999999797e-01
4.739999999999999769e-01,6.379000000000000226e-01,2.710000000000000187e-01,7.720000000000000195e-01,2.147999999999999909e-01,5.920999999999999597e-01,2.197000000000000064e-01,8.294000000000000261e-01,2.197999999999999954e-01,5.664000000000000146e-01,2.386999999999999955e-01,8.073000000000000176e-01
1.411999999999999922e-01,9.814000000000000501e-01,1.209999999999999964e-01,5.890999999999999570e-01,5.279999999999999971e-02,5.381000000000000227e-01,1.400000000000000133e-01,5.603000000000000203e-01,1.441999999999999948e-01,4.171000000000000263e-01,1.087000000000000050e-01,6.030999999999999694e-01
5.940000000000000141e-02,7.089999999999999636e-01,4.562999999999999834e-01,6.108000000000000096e-01,5.678999999999999604e-01,6.219999999999999973e-01,1.778699999999999948e+00,-5.689999999999999919e-02,3.969999999999999918e-02,1.952299999999999924e+00,3.590000000000000135e-02,-4.270000000000000184e-02
2.872999999999999998e-01,3.904000000000000248e-01,5.542000000000000259e-01,4.862000000000000210e-01,6.085000000000000409e-01,5.770999999999999464e-01,6.228000000000000203e-01,4.062999999999999945e-01,6.240999999999999881e-01,5.768999999999999684e-01,5.590000000000000524e-01,4.788999999999999924e-01
7.850000000000000311e-01,3.096999999999999753e-01,1.039199999999999902e+00,6.898999999999999577e-01,1.007400000000000073e+00,9.179000000000000492e-01,1.606700000000000017e+00,1.494000000000000050e-01,2.023600000000000065e+00,-2.750000000000000014e-02,7.739999999999999658e-02,1.643000000000000016e+00
3.929000000000000270e-01,1.168000000000000010e-01,6.146000000000000352e-01,2.237999999999999989e-01,8.554000000000000492e-01,8.000000000000000167e-02,1.677699999999999969e+00,6.239999999999999714e-02,-6.710000000000000686e-02,7.829999999999999460e-02,3.839999999999999664e-02,-4.460000000000000075e-02
2.459000000000000075e-01,7.783999999999999808e-01,5.481000000000000316e-01,7.902000000000000135e-01,6.902000000000000357e-01,7.714999999999999636e-01,1.765200000000000102e+00,-3.939999999999999752e-02,-1.559999999999999928e-02,2.020000000000000018e+00,4.009999999999999676e-02,-4.900000000000000189e-02
2.594000000000000195e-01,3.891999999999999904e-01,5.220000000000000195e-01,4.511000000000000010e-01,6.600000000000000311e-01,4.274000000000000021e-01,1.716699999999999893e+00,1.820000000000000090e-02,-2.340000000000000066e-02,2.023899999999999810e+00,2.910000000000000087e-02,-3.230000000000000232e-02
3.100999999999999868e-01,7.882000000000000117e-01,2.058000000000000107e-01,6.523999999999999799e-01,1.577999999999999958e-01,5.336999999999999522e-01,1.577999999999999958e-01,7.099999999999999645e-01,1.406999999999999917e-01,5.390000000000000346e-01,1.658999999999999919e-01,7.028999999999999693e-01
3.447999999999999954e-01,7.732999999999999874e-01,2.225999999999999923e-01,3.744999999999999996e-01,1.855999999999999872e-01,3.101999999999999758e-01,2.001999999999999891e-01,3.991999999999999993e-01,2.582999999999999741e-01,2.151000000000000134e-01,1.774999999999999911e-01,4.265999999999999792e-01
2.871000000000000218e-01,4.390999999999999903e-01,5.544999999999999929e-01,5.585999999999999854e-01,5.610000000000000542e-01,7.181999999999999496e-01,6.155000000000000471e-01,4.853000000000000091e-01,6.982000000000000428e-01,5.763000000000000345e-01,5.283999999999999808e-01,5.928999999999999826e-01
4.343000000000000194e-01,2.892000000000000126e-01,6.943000000000000282e-01,4.379000000000000115e-01,8.366000000000000103e-01,4.457999999999999741e-01,8.258999999999999675e-01,2.837999999999999967e-01,8.669999999999999929e-01,4.263000000000000123e-01,7.692999999999999838e-01,3.493999999999999884e-01
6.969999999999999807e-02,9.352000000000000313e-01,2.592999999999999750e-01,1.060999999999999943e+00,3.418999999999999817e-01,1.108000000000000096e+00,7.300000000000000065e-03,1.719100000000000072e+00,-7.599999999999999985e-03,2.004799999999999915e+00,3.520000000000000212e-02,-4.399999999999999745e-02
4.925999999999999823e-01,6.137000000000000233e-01,3.185999999999999943e-01,1.404600000000000071e+00,2.477000000000000035e-01,1.260499999999999954e+00,1.927999999999999992e-01,1.552100000000000035e+00,2.101999999999999980e-01,1.225200000000000067e+00,2.541999999999999815e-01,1.481800000000000006e+00
4.310999999999999832e-01,1.809999999999999942e-01,8.205000000000000071e-01,9.239999999999999603e-02,1.006299999999999972e+00,1.159999999999999920e-02,1.695799999999999974e+00,3.640000000000000180e-02,-8.399999999999999481e-03,2.010899999999999910e+00,-5.129999999999999838e-02,6.279999999999999472e-02
2.368000000000000105e-01,4.550000000000000155e-01,4.686000000000000165e-01,5.905000000000000249e-01,5.762000000000000455e-01,6.223999999999999533e-01,4.613999999999999768e-01,5.997999999999999998e-01,5.423999999999999932e-01,6.833000000000000185e-01,5.508999999999999453e-01,4.959000000000000075e-01
1.185999999999999971e-01,5.165999999999999481e-01,2.753999999999999782e-01,7.016999999999999904e-01,3.715999999999999859e-01,7.266000000000000236e-01,1.927000000000000102e-01,8.016999999999999682e-01,2.624000000000000221e-01,8.739000000000000101e-01,3.584999999999999853e-01,6.027000000000000135e-01
1.171999999999999931e+00,-7.900000000000000078e-02,5.568999999999999506e-01,2.044999999999999873e-01,5.080000000000000071e-01,1.028000000000000025e-01,5.461000000000000298e-01,2.194000000000000117e-01,4.581999999999999962e-01,1.502000000000000002e-01,6.271999999999999797e-01,1.213999999999999940e-01
4.662999999999999923e-01,-4.599999999999999922e-03,7.408000000000000140e-01,4.170000000000000095e-02,9.221000000000000307e-01,-2.920000000000000026e-02,1.735200000000000076e+00,-1.600000000000000077e-03,7.199999999999999456e-02,-8.599999999999999312e-02,3.509999999999999926e-02,-4.170000000000000095e-02
3.971000000000000085e-01,1.870999999999999885e-01,6.049999999999999822e-01,3.133000000000000229e-01,6.798999999999999488e-01,3.637000000000000233e-01,5.564000000000000057e-01,3.703000000000000180e-01,7.047999999999999821e-01,3.568999999999999950e-01,5.925000000000000266e-01,3.297999999999999821e-01
6.021999999999999575e-01,4.850999999999999757e-01,9.271000000000000352e-01,4.647000000000000020e-01,1.181799999999999962e+00,3.103000000000000203e-01,1.728699999999999903e+00,5.999999999999999474e-04,2.143800000000000150e+00,-1.691999999999999893e-01,2.100000000000000130e-02,1.706199999999999939e+00
4.198000000000000065e-01,1.360000000000000098e-01,7.110999999999999543e-01,1.497999999999999887e-01,7.691000000000000059e-01,2.240000000000000047e-01,7.126000000000000112e-01,1.501000000000000112e-01,8.195000000000000062e-01,1.746999999999999942e-01,7.924999999999999822e-01,5.360000000000000181e-02
1.975999999999999979e-01,2.873999999999999888e-01,5.406999999999999584e-01,2.456000000000000127e-01,6.124000000000000554e-01,3.105999999999999872e-01,1.765600000000000058e+00,-4.639999999999999680e-02,-8.500000000000000611e-03,1.089999999999999997e-02,-3.049999999999999933e-02,3.470000000000000168e-02
8.570999999999999730e-01,2.373000000000000109e-01,3.476000000000000201e-01,9.596000000000000085e-01,2.948999999999999955e-01,6.430000000000000160e-01,3.604999999999999871e-01,9.372000000000000330e-01,2.396000000000000074e-01,6.786999999999999700e-01,4.687999999999999945e-01,8.114999999999999991e-01
1.214599999999999902e+00,-1.318999999999999895e-01,5.935000000000000275e-01,5.696999999999999842e-01,5.128000000000000336e-01,3.593000000000000083e-01,5.344999999999999751e-01,6.401999999999999913e-01,4.996999999999999775e-01,3.476000000000000201e-01,5.161999999999999922e-01,6.670000000000000373e-01
1.619999999999999912e-02,-1.880000000000000074e-02,2.975999999999999757e-01,1.450000000000000074e-02,4.583999999999999742e-01,-3.509999999999999926e-02,-5.870000000000000218e-02,6.980000000000000093e-02,9.900000000000000813e-03,-9.799999999999999684e-03,-5.190000000000000169e-02,6.119999999999999746e-02
1.100700000000000012e+00,6.400000000000000307e-03,6.213999999999999524e-01,1.107199999999999962e+00,5.279000000000000359e-01,5.032999999999999696e-01,6.243999999999999551e-01,1.102300000000000058e+00,4.872000000000000219e-01,5.242999999999999883e-01,4.857000000000000206e-01,1.269099999999999895e+00
1.940000000000000058e-01,4.096000000000000196e-01,2.225000000000000033e-01,7.397000000000000242e-01,2.921000000000000263e-01,7.992000000000000215e-01,3.331000000000000072e-01,6.114000000000000545e-01,3.427999999999999936e-01,7.537000000000000366e-01,2.424999999999999933e-01,7.173000000000000487e-01
5.958999999999999853e-01,1.938999999999999890e-01,9.862999999999999545e-01,2.431999999999999995e-01,1.230900000000000105e+00,1.453000000000000125e-01,1.001400000000000068e+00,2.180999999999999883e-01,1.243900000000000006e+00,1.572000000000000064e-01,9.500999999999999446e-01,2.822999999999999954e-01
5.162999999999999812e-01,2.570000000000000062e-01,7.917999999999999483e-01,4.213999999999999968e-01,9.877000000000000224e-01,3.764000000000000123e-01,8.279999999999999583e-01,3.769000000000000128e-01,9.526000000000000023e-01,4.406999999999999806e-01,8.245999999999999996e-01,3.857999999999999763e-01
2.677999999999999825e-01,5.395999999999999686e-01,5.705999999999999961e-01,5.481000000000000316e-01,7.094000000000000306e-01,5.272000000000000020e-01,1.753200000000000092e+00,-2.779999999999999832e-02,1.524999999999999967e-01,1.819499999999999895e+00,-8.099999999999999561e-03,9.299999999999999239e-03
4.607999999999999874e-01,2.313999999999999946e-01,8.327999999999999847e-01,2.275000000000000078e-01,8.639000000000000012e-01,3.633000000000000118e-01,8.045999999999999819e-01,2.601999999999999869e-01,8.485000000000000320e-01,3.996999999999999997e-01,7.341999999999999638e-01,3.472999999999999976e-01
5.197000000000000508e-01,2.096999999999999975e-01,8.512999999999999456e-01,1.889000000000000123e-01,9.604000000000000314e-01,2.033999999999999975e-01,1.725800000000000001e+00,3.099999999999999891e-03,-2.900000000000000147e-02,2.034499999999999975e+00,-4.179999999999999688e-02,4.839999999999999858e-02
2.273000000000000020e-01,7.300999999999999712e-01,3.600999999999999757e-01,1.140200000000000102e+00,3.852999999999999758e-01,1.328899999999999970e+00,3.071999999999999731e-01,1.205699999999999994e+00,4.551000000000000045e-01,1.270000000000000018e+00,3.043000000000000149e-01,1.206399999999999917e+00
3.042000000000000259e-01,4.974999999999999978e-01,5.813000000000000389e-01,5.410000000000000364e-01,5.879999999999999671e-01,6.772000000000000242e-01,1.772999999999999909e+00,-4.970000000000000112e-02,4.009999999999999676e-02,1.949799999999999978e+00,5.639999999999999875e-02,-6.679999999999999827e-02
5.319999999999999729e-02,3.194000000000000172e-01,1.602000000000000091e-01,4.123999999999999888e-01,1.449000000000000010e-01,5.131999999999999895e-01,1.761999999999999955e-01,3.927999999999999825e-01,2.111000000000000099e-01,4.435000000000000053e-01,1.781000000000000083e-01,3.896000000000000019e-01
3.537000000000000144e-01,3.750000000000000000e-01,5.846000000000000085e-01,5.608999999999999542e-01,6.020999999999999686e-01,7.155000000000000249e-01,5.300000000000000266e-01,6.203999999999999515e-01,6.223999999999999533e-01,7.085000000000000187e-01,5.284999999999999698e-01,6.263999999999999568e-01
5.527999999999999581e-01,5.532000000000000250e-01,3.237999999999999767e-01,7.493999999999999551e-01,2.122999999999999887e-01,6.203999999999999515e-01,2.494000000000000106e-01,8.322000000000000508e-01,2.190999999999999892e-01,5.926000000000000156e-01,2.836000000000000187e-01,7.915999999999999703e-01
3.163000000000000256e-01,4.248000000000000109e-01,6.330999999999999961e-01,4.197000000000000175e-01,7.967999999999999527e-01,3.695999999999999841e-01,1.673899999999999944e+00,6.850000000000000533e-02,4.839999999999999858e-02,1.946099999999999941e+00,1.170000000000000033e-02,-1.469999999999999953e-02
2.379000000000000004e-01,4.084999999999999742e-01,3.862999999999999767e-01,6.241999999999999771e-01,3.834000000000000186e-01,7.741000000000000103e-01,3.794000000000000150e-01,6.332999999999999741e-01,3.210000000000000075e-01,8.707000000000000295e-01,3.650999999999999801e-01,6.481999999999999984e-01
8.847000000000000419e-01,-4.760000000000000342e-02,1.263500000000000068e+00,7.040000000000000424e-02,1.474599999999999911e+00,3.880000000000000115e-02,1.329900000000000082e+00,-7.300000000000000065e-03,1.572400000000000020e+00,-5.190000000000000169e-02,1.251700000000000035e+00,8.340000000000000191e-02
1.200199999999999934e+00,-1.122999999999999970e-01,7.355000000000000426e-01,6.722000000000000197e-01,6.381000000000000005e-01,3.311000000000000054e-01,7.752000000000000002e-01,6.237000000000000322e-01,5.633000000000000229e-01,3.925000000000000155e-01,7.432999999999999607e-01,6.622000000000000108e-01
7.639999999999999569e-02,9.568999999999999728e-01,1.069999999999999944e-02,1.348700000000000010e+00,-2.889999999999999861e-02,1.525800000000000045e+00,-6.690000000000000113e-02,1.814899999999999958e+00,5.600000000000000117e-02,1.930900000000000061e+00,-7.499999999999999722e-03,8.600000000000000006e-03
3.960000000000000187e-01,5.709999999999999520e-01,6.351999999999999869e-01,8.757000000000000339e-01,6.998999999999999666e-01,1.032200000000000006e+00,6.124000000000000554e-01,9.060000000000000275e-01,7.728000000000000425e-01,9.631999999999999451e-01,6.477000000000000535e-01,8.663999999999999480e-01
1.056200000000000028e+00,5.920000000000000262e-02,5.754000000000000226e-01,5.725000000000000089e-01,3.995000000000000218e-01,4.736000000000000210e-01,4.606000000000000094e-01,7.063000000000000389e-01,4.667000000000000037e-01,3.719000000000000083e-01,5.425999999999999712e-01,6.058999999999999941e-01
1.544000000000000095e-01,3.905000000000000138e-01,1.708000000000000074e-01,6.947999999999999732e-01,1.165999999999999953e-01,8.799000000000000155e-01,1.731000000000000039e-01,6.905000000000000027e-01,2.379000000000000004e-01,7.521999999999999797e-01,1.968000000000000027e-01,6.632000000000000117e-01
7.473999999999999533e-01,3.669999999999999929e-01,4.143999999999999906e-01,1.308300000000000018e+00,3.010999999999999788e-01,7.628000000000000336e-01,4.681000000000000161e-01,1.247800000000000020e+00,2.852000000000000091e-01,7.465000000000000524e-01,2.409000000000000030e-01,1.516199999999999992e+00
