7.799999999999999642e-03,4.615000000000000213e-01,1.180999999999999966e-01,6.590000000000000302e-01,2.586999999999999855e-01,6.351999999999999869e-01,-1.909999999999999892e-02,1.749100000000000099e+00,1.097999999999999948e-01,-1.315000000000000058e-01,4.070000000000000007e-02,-4.850000000000000144e-02
7.327000000000000179e-01,3.195000000000000062e-01,9.908000000000000140e-01,6.798999999999999488e-01,1.154500000000000082e+00,7.437000000000000277e-01,1.038999999999999924e+00,6.199999999999999956e-01,1.251800000000000024e+00,6.616999999999999549e-01,9.425000000000000044e-01,7.395000000000000462e-01
3.522000000000000131e-01,3.867999999999999772e-01,5.201000000000000068e-01,6.377000000000000446e-01,5.522000000000000242e-01,7.775999999999999579e-01,5.076000000000000512e-01,6.552999999999999936e-01,6.258000000000000229e-01,7.105000000000000204e-01,4.515000000000000124e-01,7.196000000000000174e-01
8.427000000000000046e-01,2.270000000000000073e-01,1.094300000000000050e+00,3.023000000000000131e-01,1.294899999999999940e+00,2.021999999999999909e-01,1.886300000000000088e+00,-1.802999999999999881e-01,2.044700000000000184e+00,-4.780000000000000221e-02,2.899999999999999800e-03,1.732799999999999896e+00
1.131099999999999994e+00,-2.980000000000000010e-02,1.013700000000000045e+00,7.144000000000000350e-01,8.035999999999999810e-01,2.316999999999999893e-01,1.076000000000000068e+00,6.498000000000000442e-01,7.926999999999999602e-01,2.099000000000000032e-01,9.649999999999999689e-01,7.712999999999999856e-01
1.269000000000000128e-01,9.730999999999999650e-01,4.119999999999999774e-01,1.036699999999999955e+00,5.733000000000000318e-01,9.856000000000000316e-01,1.699400000000000022e+00,3.679999999999999938e-02,-2.469999999999999973e-02,2.024300000000000210e+00,-1.099999999999999936e-02,1.743800000000000017e+00
8.933999999999999719e-01,2.195000000000000007e-01,4.395000000000000018e-01,9.475000000000000089e-01,3.610999999999999766e-01,6.075000000000000400e-01,3.924000000000000266e-01,1.003200000000000092e+00,3.487000000000000099e-01,5.886000000000000121e-01,4.446999999999999842e-01,9.433000000000000274e-01
1.063299999999999912e+00,4.970000000000000112e-02,6.328000000000000291e-01,1.103199999999999958e+00,4.611999999999999988e-01,1.008899999999999908e+00,7.123000000000000442e-01,1.013200000000000101e+00,5.231000000000000094e-01,8.611999999999999655e-01,7.705999999999999517e-01,9.376999999999999780e-01
5.373999999999999888e-01,3.805000000000000049e-01,8.830000000000000071e-01,5.443999999999999950e-01,1.049099999999999921e+00,5.770999999999999464e-01,9.035999999999999588e-01,5.233999999999999764e-01,1.049500000000000099e+00,5.964000000000000412e-01,9.324000000000000066e-01,4.880999999999999783e-01
1.103299999999999947e+00,3.899999999999999821e-03,8.285000000000000142e-01,3.831999999999999851e-01,6.649000000000000465e-01,2.245999999999999941e-01,6.963000000000000300e-01,5.402000000000000135e-01,5.935000000000000275e-01,2.886000000000000232e-01,7.667000000000000481e-01,4.494000000000000217e-01
8.409999999999999420e-02,1.032799999999999940e+00,4.391999999999999793e-01,1.048399999999999999e+00,6.081999999999999629e-01,9.935000000000000497e-01,1.738899999999999890e+00,-3.799999999999999992e-03,-2.100000000000000130e-02,2.026899999999999924e+00,-1.067000000000000032e-01,1.858800000000000008e+00
1.028000000000000025e+00,9.510000000000000397e-02,5.618999999999999551e-01,4.529000000000000248e-01,5.647999999999999687e-01,2.058000000000000107e-01,6.508000000000000451e-01,3.509999999999999787e-01,4.077000000000000068e-01,3.744000000000000106e-01,5.685999999999999943e-01,4.475999999999999979e-01
2.950999999999999734e-01,7.971000000000000307e-01,2.091000000000000081e-01,7.774999999999999689e-01,8.550000000000000655e-02,6.993000000000000327e-01,1.986999999999999877e-01,7.923000000000000043e-01,5.940000000000000141e-02,7.144000000000000350e-01,1.030999999999999972e-01,9.042999999999999927e-01
4.510000000000000120e-01,6.429999999999999605e-02,6.270999999999999908e-01,2.025000000000000133e-01,7.699000000000000288e-01,1.554999999999999993e-01,7.216000000000000192e-01,8.540000000000000369e-02,8.444000000000000394e-01,8.559999999999999554e-02,8.332000000000000517e-01,-4.750000000000000056e-02
5.890000000000000097e-02,1.864000000000000101e-01,3.178000000000000269e-01,2.535000000000000031e-01,4.521999999999999909e-01,2.344999999999999862e-01,9.189999999999999558e-02,1.622500000000000053e+00,-7.700000000000000247e-03,8.999999999999999320e-03,-7.670000000000000429e-02,9.070000000000000284e-02
8.364000000000000323e-01,3.269999999999999990e-02,1.186399999999999899e+00,1.968000000000000027e-01,1.435999999999999943e+00,1.226000000000000006e-01,1.236399999999999944e+00,1.441999999999999948e-01,1.383799999999999919e+00,2.109999999999999931e-01,1.171300000000000008e+00,2.177000000000000046e-01
8.429999999999999993e-02,3.519999999999999796e-01,5.279999999999999971e-02,6.515999999999999570e-01,6.419999999999999318e-02,7.334000000000000519e-01,5.899999999999999689e-02,6.430000000000000160e-01,6.909999999999999476e-02,7.387000000000000233e-01,1.050999999999999990e-01,5.890999999999999570e-01
4.460000000000000075e-01,-1.959999999999999937e-02,7.008999999999999675e-01,-2.960000000000000131e-02,7.206000000000000183e-01,5.770000000000000129e-02,6.414999999999999591e-01,4.150000000000000216e-02,7.692999999999999838e-01,1.519999999999999997e-02,7.258000000000000007e-01,-5.949999999999999734e-02
8.826000000000000512e-01,2.210000000000000020e-01,3.047000000000000264e-01,6.431000000000000050e-01,3.246999999999999886e-01,4.102000000000000091e-01,4.222000000000000197e-01,5.053999999999999604e-01,3.084999999999999964e-01,4.133999999999999897e-01,3.644000000000000017e-01,5.701000000000000512e-01
3.734999999999999987e-01,7.355000000000000426e-01,1.927000000000000102e-01,5.480000000000000426e-01,2.142999999999999905e-01,3.824000000000000177e-01,2.457999999999999907e-01,4.837000000000000188e-01,1.067000000000000032e-01,4.974000000000000088e-01,1.686999999999999889e-01,5.756000000000000005e-01
8.353000000000000425e-01,1.855999999999999872e-01,1.130800000000000027e+00,2.114999999999999936e-01,1.142400000000000082e+00,3.408999999999999808e-01,1.648800000000000043e+00,9.690000000000000002e-02,1.939400000000000013e+00,7.249999999999999500e-02,-3.960000000000000325e-02,4.649999999999999967e-02
3.044999999999999929e-01,4.042999999999999927e-01,4.678999999999999826e-01,6.469000000000000306e-01,5.784000000000000252e-01,6.797999999999999599e-01,4.441999999999999837e-01,6.740000000000000435e-01,5.286999999999999478e-01,7.580999999999999961e-01,4.444000000000000172e-01,6.719000000000000528e-01
9.968000000000000194e-01,1.254000000000000115e-01,3.770999999999999908e-01,8.535000000000000364e-01,3.739000000000000101e-01,5.201999999999999957e-01,4.012000000000000011e-01,8.273000000000000353e-01,3.794000000000000150e-01,4.933000000000000163e-01,3.189000000000000168e-01,9.200000000000000400e-01
2.111000000000000099e-01,4.445000000000000062e-01,3.170999999999999930e-01,7.099999999999999645e-01,2.735000000000000209e-01,9.086999999999999522e-01,2.506999999999999784e-01,7.881000000000000227e-01,3.714000000000000079e-01,8.123000000000000220e-01,3.025999999999999801e-01,7.286000000000000254e-01
2.328999999999999959e-01,6.284999999999999476e-01,5.093999999999999639e-01,8.113000000000000211e-01,6.032999999999999474e-01,8.955999999999999517e-01,5.495999999999999774e-01,7.599000000000000199e-01,6.561000000000000165e-01,8.528999999999999915e-01,5.272000000000000020e-01,7.862000000000000099e-01
1.081399999999999917e+00,2.580000000000000002e-02,7.380999999999999783e-01,8.548000000000000043e-01,5.454999999999999849e-01,4.843000000000000083e-01,8.088999999999999524e-01,7.721000000000000085e-01,6.447000000000000508e-01,3.351999999999999980e-01,7.805999999999999606e-01,8.048999999999999488e-01
1.009400000000000075e+00,1.134000000000000008e-01,4.213000000000000078e-01,8.065999999999999837e-01,3.547000000000000153e-01,5.524999999999999911e-01,4.474000000000000199e-01,7.712999999999999856e-01,4.188000000000000056e-01,4.510000000000000120e-01,5.454999999999999849e-01,6.542999999999999927e-01
4.141000000000000236e-01,2.903999999999999915e-01,6.393999999999999684e-01,3.937999999999999834e-01,8.196999999999999842e-01,3.236999999999999877e-01,1.624800000000000022e+00,1.227000000000000035e-01,-1.529999999999999936e-02,2.018499999999999961e+00,-3.490000000000000047e-02,4.159999999999999809e-02
4.055000000000000271e-01,3.654000000000000026e-01,7.822999999999999954e-01,3.932999999999999829e-01,7.759000000000000341e-01,5.907999999999999918e-01,7.125000000000000222e-01,4.798000000000000043e-01,9.025999999999999579e-01,4.537999999999999812e-01,7.433999999999999497e-01,4.431999999999999829e-01
3.376000000000000112e-01,7.774999999999999689e-01,3.463999999999999857e-01,1.362100000000000088e+00,2.232000000000000095e-01,9.473000000000000309e-01,2.114999999999999936e-01,1.521300000000000097e+00,2.550999999999999934e-01,8.705000000000000515e-01,2.434999999999999942e-01,1.486299999999999955e+00
1.069800000000000084e+00,4.080000000000000293e-02,4.506999999999999895e-01,2.553000000000000269e-01,3.519999999999999796e-01,2.346999999999999920e-01,4.403000000000000247e-01,2.715000000000000191e-01,3.897999999999999798e-01,1.776000000000000079e-01,4.879999999999999893e-01,2.127000000000000002e-01
1.158900000000000041e+00,-6.460000000000000464e-02,4.903000000000000136e-01,1.257400000000000073e+00,5.872000000000000552e-01,4.285999999999999810e-01,5.796000000000000041e-01,1.149899999999999922e+00,5.292999999999999927e-01,4.681000000000000161e-01,5.713000000000000300e-01,1.158500000000000085e+00
3.538999999999999924e-01,7.224000000000000421e-01,4.408000000000000251e-01,1.274399999999999977e+00,6.795999999999999819e-01,1.237900000000000000e+00,4.989000000000000101e-01,1.199600000000000000e+00,6.022999999999999465e-01,1.362300000000000066e+00,4.924000000000000044e-01,1.209500000000000020e+00
4.340999999999999859e-01,4.467999999999999750e-01,6.116000000000000325e-01,7.834999999999999742e-01,7.314000000000000501e-01,8.502999999999999448e-01,6.382999999999999785e-01,7.510999999999999899e-01,8.337999999999999856e-01,7.522999999999999687e-01,6.845999999999999863e-01,6.987999999999999767e-01
1.086999999999999966e+00,2.050000000000000086e-02,3.814000000000000168e-01,9.183999999999999941e-01,3.311000000000000054e-01,6.046000000000000263e-01,3.695999999999999841e-01,9.345999999999999863e-01,3.396000000000000130e-01,5.683000000000000274e-01,4.532999999999999807e-01,8.327999999999999847e-01
6.929999999999999494e-01,1.406999999999999917e-01,1.015300000000000091e+00,3.019999999999999907e-01,1.114100000000000090e+00,3.990000000000000213e-01,1.070599999999999996e+00,2.369999999999999885e-01,1.106800000000000006e+00,4.250999999999999779e-01,1.041400000000000103e+00,2.751000000000000112e-01
5.753000000000000336e-01,5.256999999999999451e-01,8.692999999999999616e-01,5.906000000000000139e-01,8.991999999999999993e-01,6.983000000000000318e-01,1.669999999999999929e+00,7.510000000000000009e-02,1.942199999999999926e+00,6.400000000000000133e-02,-2.000000000000000042e-02,1.753100000000000103e+00
1.271900000000000031e+00,-1.940000000000000058e-01,4.194999999999999840e-01,1.021300000000000097e+00,3.378999999999999782e-01,6.555999999999999606e-01,4.199999999999999845e-01,1.027199999999999891e+00,3.894000000000000239e-01,5.664000000000000146e-01,4.430000000000000049e-01,1.001100000000000101e+00
4.732999999999999985e-01,5.533000000000000140e-01,7.877999999999999448e-01,5.479000000000000536e-01,9.135999999999999677e-01,5.419000000000000483e-01,1.809900000000000064e+00,-8.920000000000000151e-02,-7.870000000000000606e-02,2.088799999999999990e+00,2.570000000000000062e-02,-3.139999999999999736e-02
7.000000000000000666e-02,5.804000000000000270e-01,3.603000000000000091e-01,6.050999999999999712e-01,5.031999999999999806e-01,5.804000000000000270e-01,1.808000000000000052e+00,-9.049999999999999711e-02,2.450000000000000094e-02,1.971799999999999997e+00,5.380000000000000060e-02,-6.289999999999999758e-02
2.398000000000000131e-01,5.381000000000000227e-01,4.279999999999999916e-01,7.826999999999999513e-01,4.593999999999999750e-01,9.249000000000000554e-01,4.542999999999999816e-01,7.498000000000000220e-01,4.837000000000000188e-01,9.177999999999999492e-01,3.558000000000000052e-01,8.688000000000000167e-01
1.066000000000000059e+00,4.739999999999999769e-02,8.389999999999999680e-01,3.301000000000000045e-01,6.501000000000000112e-01,2.295000000000000095e-01,8.427000000000000046e-01,3.239000000000000212e-01,6.770000000000000462e-01,1.715000000000000135e-01,7.631999999999999895e-01,4.213000000000000078e-01
1.082600000000000007e+00,2.900000000000000147e-02,5.758999999999999675e-01,1.143599999999999950e+00,3.587000000000000188e-01,1.001100000000000101e+00,3.983999999999999764e-01,1.351900000000000102e+00,3.696999999999999731e-01,9.311000000000000387e-01,4.608999999999999764e-01,1.280499999999999972e+00
4.648999999999999799e-01,6.439000000000000279e-01,7.774999999999999689e-01,6.825999999999999845e-01,9.981999999999999762e-01,5.637999999999999678e-01,1.757300000000000084e+00,-2.249999999999999917e-02,-1.580000000000000154e-02,2.011299999999999866e+00,4.970000000000000112e-02,1.671300000000000008e+00
1.113299999999999956e+00,-1.020000000000000073e-02,6.585999999999999632e-01,3.185999999999999943e-01,5.527999999999999581e-01,2.097999999999999865e-01,6.548000000000000487e-01,3.202999999999999736e-01,4.692000000000000060e-01,2.883000000000000007e-01,5.416999999999999593e-01,4.561999999999999944e-01
1.115699999999999914e+00,-1.129999999999999928e-02,5.825000000000000178e-01,6.135000000000000453e-01,6.044000000000000483e-01,2.597999999999999754e-01,5.369000000000000439e-01,6.676999999999999602e-01,5.062999999999999723e-01,3.521000000000000241e-01,5.326999999999999513e-01,6.701000000000000290e-01
1.165300000000000002e+00,-7.409999999999999920e-02,4.147000000000000131e-01,6.831000000000000405e-01,3.321999999999999953e-01,5.072999999999999732e-01,4.404000000000000137e-01,6.514999999999999680e-01,3.881999999999999895e-01,4.203000000000000069e-01,3.910000000000000142e-01,7.064000000000000279e-01
-4.400000000000000265e-03,5.750000000000000250e-02,2.998999999999999999e-01,5.589999999999999830e-02,3.436000000000000165e-01,1.494999999999999940e-01,6.219999999999999835e-02,-7.259999999999999787e-02,3.769999999999999740e-02,-4.619999999999999801e-02,-1.930000000000000118e-02,2.460000000000000034e-02
1.082999999999999935e-01,3.704000000000000070e-01,2.197999999999999954e-01,5.239000000000000323e-01,1.973000000000000032e-01,6.579000000000000403e-01,1.038000000000000034e-01,6.641000000000000236e-01,2.723999999999999755e-01,5.815000000000000169e-01,2.600000000000000089e-01,4.733999999999999875e-01
4.708999999999999853e-01,1.637000000000000122e-01,7.540000000000000036e-01,2.368000000000000105e-01,9.167999999999999483e-01,1.986999999999999877e-01,7.055000000000000160e-01,2.918999999999999928e-01,8.799000000000000155e-01,2.596999999999999864e-01,6.878999999999999559e-01,3.119000000000000106e-01
2.509000000000000119e-01,4.415000000000000036e-01,3.252999999999999781e-01,7.773999999999999799e-01,3.236999999999999877e-01,9.378999999999999559e-01,2.093000000000000138e-01,9.145999999999999686e-01,3.469999999999999751e-01,9.313000000000000167e-01,2.318000000000000060e-01,8.853999999999999648e-01
8.399999999999999481e-03,5.232999999999999874e-01,3.114000000000000101e-01,5.302999999999999936e-01,3.548000000000000043e-01,6.211999999999999744e-01,-7.810000000000000275e-02,1.824600000000000000e+00,-1.499999999999999944e-02,1.629999999999999852e-02,1.899999999999999953e-02,-2.189999999999999933e-02
1.113699999999999912e+00,-1.060000000000000005e-02,5.750999999999999446e-01,8.127999999999999670e-01,5.424999999999999822e-01,4.148000000000000020e-01,5.360000000000000320e-01,8.606000000000000316e-01,6.220999999999999863e-01,2.953999999999999959e-01,6.009999999999999787e-01,7.832999999999999963e-01
-6.999999999999999929e-04,1.000199999999999978e+00,6.239999999999999714e-02,1.491200000000000081e+00,3.839999999999999664e-02,1.734699999999999909e+00,1.107999999999999957e-01,1.435400000000000009e+00,1.197000000000000008e-01,1.669999999999999929e+00,-2.700000000000000143e-03,1.567499999999999893e+00
2.929999999999999827e-01,5.021999999999999797e-01,7.151999999999999469e-01,3.739000000000000101e-01,7.362999999999999545e-01,4.899999999999999911e-01,1.759500000000000064e+00,-3.130000000000000143e-02,-6.460000000000000464e-02,2.073999999999999844e+00,4.019999999999999962e-02,-4.750000000000000056e-02
4.027999999999999914e-01,3.229000000000000203e-01,5.537999999999999590e-01,5.916000000000000147e-01,6.592999999999999972e-01,6.407000000000000473e-01,5.754000000000000226e-01,5.725999999999999979e-01,6.679000000000000492e-01,6.512000000000000011e-01,4.964000000000000079e-01,6.655999999999999694e-01
6.091999999999999638e-01,1.413999999999999979e-01,8.662999999999999590e-01,3.276999999999999913e-01,8.921000000000000041e-01,4.823000000000000065e-01,8.205000000000000071e-01,3.809000000000000163e-01,1.009700000000000042e+00,3.674000000000000044e-01,9.122999999999999998e-01,2.730000000000000204e-01
1.428000000000000103e-01,5.786000000000000032e-01,4.101000000000000201e-01,6.276000000000000467e-01,4.227000000000000202e-01,7.570000000000000062e-01,1.796699999999999964e+00,-7.820000000000000562e-02,1.590000000000000094e-02,1.975800000000000001e+00,3.080000000000000099e-02,-3.799999999999999906e-02
8.635000000000000453e-01,2.416000000000000092e-01,3.267999999999999794e-01,7.437000000000000277e-01,3.194000000000000172e-01,4.958000000000000185e-01,4.484000000000000208e-01,5.974000000000000421e-01,3.311999999999999944e-01,4.617999999999999883e-01,3.341999999999999971e-01,7.331999999999999629e-01
7.670000000000000429e-02,5.532000000000000250e-01,3.696999999999999731e-01,5.783000000000000362e-01,5.229000000000000314e-01,5.425999999999999712e-01,1.730299999999999949e+00,2.500000000000000052e-03,-5.700000000000000205e-03,2.006899999999999906e+00,4.780000000000000221e-02,-5.689999999999999919e-02
5.158000000000000362e-01,1.822000000000000008e-01,8.558000000000000052e-01,1.479999999999999927e-01,9.619999999999999662e-01,1.680000000000000104e-01,1.790399999999999991e+00,-7.240000000000000602e-02,-3.049999999999999933e-02,2.032799999999999940e+00,7.580000000000000626e-02,-9.170000000000000373e-02
2.699999999999999969e-02,1.430000000000000021e-02,3.189999999999999780e-02,3.197999999999999732e-01,3.130000000000000143e-02,4.563999999999999724e-01,-1.280000000000000061e-02,1.590000000000000094e-02,-6.610000000000000597e-02,7.779999999999999416e-02,-8.399999999999999481e-03,8.099999999999999561e-03
4.737999999999999989e-01,1.603999999999999870e-01,6.896999999999999797e-01,3.143000000000000238e-01,7.453999999999999515e-01,4.064999999999999725e-01,7.159999999999999698e-01,2.828999999999999848e-01,7.983000000000000096e-01,3.610999999999999766e-01,6.482999999999999874e-01,3.632000000000000228e-01
1.758000000000000118e-01,4.662999999999999923e-01,4.616000000000000103e-01,5.046000000000000485e-01,5.843000000000000416e-01,4.959000000000000075e-01,1.676900000000000057e+00,5.550000000000000072e-02,1.329999999999999932e-02,1.984499999999999931e+00,2.270000000000000143e-02,-2.750000000000000014e-02
4.072999999999999954e-01,6.995999999999999996e-01,6.977999999999999758e-01,8.731999999999999762e-01,8.388999999999999790e-01,8.390999999999999570e-01,1.651999999999999913e+00,9.270000000000000462e-02,-9.850000000000000422e-02,2.120299999999999851e+00,4.639999999999999680e-02,1.671499999999999986e+00
3.310000000000000164e-01,6.894000000000000128e-01,7.105000000000000204e-01,6.104000000000000536e-01,8.225999999999999979e-01,6.171999999999999709e-01,1.725000000000000089e+00,9.400000000000000369e-03,1.054999999999999966e-01,1.875199999999999978e+00,3.200000000000000153e-03,-3.000000000000000062e-03
1.968000000000000027e-01,5.983000000000000540e-01,4.334000000000000075e-01,6.884000000000000119e-01,6.949999999999999512e-01,5.213999999999999746e-01,1.668500000000000094e+00,7.710000000000000187e-02,-1.499999999999999944e-02,2.017100000000000115e+00,-9.400000000000000369e-03,1.200000000000000025e-02
3.820999999999999952e-01,6.816999999999999726e-01,6.291999999999999815e-01,7.612999999999999767e-01,8.702999999999999625e-01,6.140999999999999792e-01,1.673399999999999999e+00,6.199999999999999956e-02,5.199999999999999761e-03,1.990899999999999892e+00,-8.500000000000000611e-02,1.832600000000000007e+00
1.255500000000000060e+00,-1.782999999999999863e-01,9.172000000000000153e-01,1.170000000000000033e-02,6.671000000000000263e-01,7.929999999999999549e-02,8.711999999999999744e-01,6.710000000000000686e-02,6.812000000000000277e-01,4.209999999999999853e-02,9.520999999999999464e-01,-2.889999999999999861e-02
2.386999999999999955e-01,5.286999999999999478e-01,5.080999999999999961e-01,5.803000000000000380e-01,6.225000000000000533e-01,5.860999999999999543e-01,1.602700000000000014e+00,1.486000000000000099e-01,-3.099999999999999891e-03,2.002899999999999903e+00,-3.109999999999999917e-02,3.749999999999999861e-02
6.018000000000000016e-01,2.621999999999999886e-01,8.872999999999999776e-01,2.965999999999999748e-01,1.037300000000000111e+00,2.591999999999999860e-01,1.817399999999999904e+00,-9.650000000000000244e-02,2.013199999999999878e+00,-1.729999999999999941e-02,9.149999999999999800e-02,-1.097000000000000058e-01
5.201000000000000068e-01,5.840999999999999526e-01,3.170999999999999930e-01,7.668000000000000371e-01,3.881999999999999895e-01,4.174999999999999822e-01,2.912000000000000144e-01,8.033000000000000140e-01,1.716999999999999915e-01,6.541000000000000147e-01,2.293999999999999928e-01,8.757000000000000339e-01
3.880000000000000115e-01,7.093000000000000416e-01,2.356999999999999929e-01,1.496199999999999974e+00,1.545999999999999874e-01,1.279099999999999904e+00,2.154000000000000081e-01,1.517400000000000082e+00,1.864999999999999991e-01,1.174800000000000066e+00,2.109999999999999931e-01,1.518399999999999972e+00
