3.130000000000000004e-01,6.464999999999999636e-01,5.907999999999999918e-01,6.924000000000000155e-01,7.663999999999999702e-01,6.261999999999999789e-01,1.717700000000000005e+00,1.499999999999999944e-02,8.509999999999999509e-02,1.904600000000000071e+00,-1.650000000000000078e-02,2.210000000000000159e-02
7.305000000000000382e-01,1.189000000000000057e-01,1.062599999999999989e+00,1.013000000000000012e-01,1.138500000000000068e+00,1.486000000000000099e-01,1.763099999999999890e+00,-4.159999999999999809e-02,2.073100000000000165e+00,-8.719999999999999973e-02,-4.390000000000000152e-02,5.299999999999999850e-02
7.599999999999999811e-02,5.010000000000000009e-01,1.869999999999999996e-01,7.010999999999999455e-01,1.728000000000000091e-01,8.475000000000000311e-01,2.300000000000000100e-01,6.535999999999999588e-01,1.615999999999999936e-01,8.731999999999999762e-01,1.602999999999999980e-01,7.330999999999999739e-01
1.124800000000000022e+00,-2.589999999999999941e-02,4.915999999999999814e-01,1.229300000000000059e+00,3.931999999999999940e-01,9.462000000000000410e-01,5.271000000000000130e-01,1.185499999999999998e+00,4.210999999999999743e-01,8.590999999999999748e-01,5.141999999999999904e-01,1.206399999999999917e+00
3.025999999999999801e-01,4.889000000000000012e-01,6.114000000000000545e-01,4.940999999999999837e-01,6.888999999999999568e-01,5.463999999999999968e-01,1.615599999999999925e+00,1.360999999999999988e-01,5.000000000000000104e-04,2.004300000000000193e+00,3.289999999999999869e-02,-3.969999999999999918e-02
-2.359999999999999945e-02,6.986999999999999877e-01,1.492999999999999883e-01,8.415000000000000258e-01,2.933000000000000052e-01,8.121000000000000441e-01,-3.409999999999999837e-02,1.772799999999999931e+00,-7.389999999999999347e-02,2.085799999999999876e+00,-5.190000000000000169e-02,6.099999999999999867e-02
4.441999999999999837e-01,2.988999999999999990e-01,6.370000000000000107e-01,5.435999999999999721e-01,8.215000000000000080e-01,5.002999999999999670e-01,7.841000000000000192e-01,3.647000000000000242e-01,7.793999999999999817e-01,5.729999999999999538e-01,6.996999999999999886e-01,4.652999999999999914e-01
1.151299999999999990e+00,-5.120000000000000245e-02,6.182999999999999607e-01,3.049000000000000044e-01,6.626999999999999558e-01,3.790000000000000313e-02,7.936999999999999611e-01,9.420000000000000595e-02,5.697999999999999732e-01,1.317000000000000115e-01,8.385000000000000231e-01,4.390000000000000152e-02
4.399000000000000132e-01,3.580999999999999739e-01,8.365000000000000213e-01,3.885000000000000120e-01,9.079000000000000403e-01,4.923000000000000154e-01,7.724999999999999645e-01,4.572999999999999843e-01,7.929000000000000492e-01,6.506999999999999451e-01,7.882000000000000117e-01,4.434000000000000163e-01
2.368999999999999995e-01,6.611000000000000210e-01,5.288000000000000478e-01,6.834000000000000075e-01,6.556999999999999496e-01,6.725999999999999757e-01,1.709300000000000042e+00,2.570000000000000062e-02,-3.230000000000000232e-02,2.038300000000000001e+00,-7.009999999999999565e-02,8.680000000000000215e-02
8.961000000000000076e-01,2.309999999999999901e-02,1.048799999999999955e+00,2.182000000000000051e-01,1.305600000000000094e+00,6.029999999999999943e-02,1.701699999999999990e+00,3.300000000000000155e-02,2.162900000000000045e+00,-1.953999999999999904e-01,-5.499999999999999681e-03,6.700000000000000226e-03
1.099299999999999944e+00,6.799999999999999621e-03,4.744999999999999774e-01,1.250199999999999978e+00,3.630999999999999783e-01,8.284000000000000252e-01,4.290999999999999814e-01,1.304799999999999960e+00,3.799000000000000155e-01,7.691000000000000059e-01,5.049000000000000155e-01,1.217200000000000060e+00
6.257000000000000339e-01,4.252000000000000224e-01,8.745000000000000551e-01,5.017000000000000348e-01,8.145000000000000018e-01,7.100999999999999535e-01,1.767800000000000038e+00,-4.059999999999999720e-02,3.790000000000000313e-02,1.954800000000000093e+00,-3.610000000000000014e-02,1.777500000000000080e+00
3.710999999999999854e-01,3.447999999999999954e-01,6.690000000000000391e-01,3.563999999999999946e-01,7.492999999999999661e-01,4.079999999999999738e-01,1.665499999999999980e+00,8.190000000000000058e-02,4.510000000000000120e-02,1.949600000000000000e+00,1.119999999999999989e-02,-1.469999999999999953e-02
9.160000000000000087e-02,1.036899999999999933e+00,1.754999999999999893e-01,6.179000000000000048e-01,8.329999999999999905e-02,5.723000000000000309e-01,1.340000000000000080e-01,6.709000000000000519e-01,5.480000000000000149e-02,5.914000000000000368e-01,6.289999999999999758e-02,7.532999999999999696e-01
1.043199999999999905e+00,7.570000000000000340e-02,3.361999999999999988e-01,8.387000000000000011e-01,3.921999999999999931e-01,4.719999999999999751e-01,4.662999999999999923e-01,6.843000000000000194e-01,3.136999999999999789e-01,5.434999999999999831e-01,4.333000000000000185e-01,7.239999999999999769e-01
4.395000000000000018e-01,4.678999999999999826e-01,8.961999999999999966e-01,2.943000000000000060e-01,9.700999999999999623e-01,3.516000000000000236e-01,1.817900000000000071e+00,-9.650000000000000244e-02,2.730000000000000135e-02,1.960900000000000087e+00,2.099999999999999870e-03,-1.699999999999999905e-03
1.500000000000000031e-03,1.039600000000000080e+00,-6.270000000000000573e-02,1.707799999999999985e+00,-1.400000000000000029e-02,1.880800000000000027e+00,6.469999999999999363e-02,1.564000000000000057e+00,1.572000000000000064e-01,1.697999999999999954e+00,1.540000000000000049e-02,1.620800000000000018e+00
1.131199999999999983e+00,-3.020000000000000115e-02,8.929000000000000270e-01,7.040000000000000424e-02,7.702999999999999847e-01,-2.560000000000000123e-02,8.951000000000000068e-01,6.579999999999999738e-02,6.570000000000000284e-01,8.809999999999999776e-02,8.833999999999999631e-01,8.169999999999999485e-02
1.056899999999999951e+00,5.519999999999999907e-02,7.504999999999999449e-01,1.643000000000000016e-01,5.626999999999999780e-01,1.734999999999999876e-01,7.463999999999999524e-01,1.701000000000000012e-01,5.598999999999999533e-01,1.602999999999999980e-01,7.442999999999999616e-01,1.746000000000000052e-01
6.307000000000000384e-01,4.739999999999999769e-01,9.798000000000000043e-01,5.769999999999999574e-01,9.152000000000000135e-01,7.923999999999999932e-01,1.912900000000000045e+00,-2.139999999999999958e-01,2.007499999999999840e+00,-1.050000000000000065e-02,-5.000000000000000104e-04,1.730099999999999971e+00
6.072999999999999510e-01,1.504999999999999949e-01,8.918000000000000371e-01,3.078000000000000180e-01,1.123599999999999932e+00,2.237999999999999989e-01,8.878000000000000336e-01,3.140999999999999903e-01,1.023600000000000065e+00,3.634999999999999898e-01,8.919000000000000261e-01,3.121999999999999775e-01
1.092100000000000071e+00,1.909999999999999892e-02,6.401999999999999913e-01,6.883000000000000229e-01,4.098999999999999866e-01,5.550000000000000488e-01,5.433000000000000052e-01,8.056999999999999718e-01,4.108999999999999875e-01,5.229000000000000314e-01,5.550000000000000488e-01,7.881000000000000227e-01
4.673999999999999821e-01,3.366000000000000103e-01,6.300000000000000044e-01,6.509000000000000341e-01,8.707000000000000295e-01,5.647999999999999687e-01,8.027999999999999581e-01,4.546999999999999931e-01,7.895999999999999686e-01,6.800000000000000488e-01,6.882000000000000339e-01,5.842000000000000526e-01
9.279999999999999361e-02,4.511000000000000010e-01,2.258999999999999897e-01,6.110999999999999766e-01,2.023999999999999966e-01,7.560999999999999943e-01,2.165999999999999870e-01,6.206000000000000405e-01,2.474000000000000088e-01,7.190999999999999615e-01,3.004000000000000004e-01,5.212999999999999856e-01
5.653000000000000247e-01,2.091000000000000081e-01,8.336000000000000076e-01,2.672999999999999821e-01,9.022000000000000020e-01,3.250000000000000111e-01,1.754899999999999904e+00,-2.750000000000000014e-02,-4.610000000000000209e-02,2.045700000000000074e+00,9.900000000000000813e-03,-1.069999999999999944e-02
-3.679999999999999938e-02,4.017000000000000015e-01,6.590000000000000024e-02,6.121999999999999664e-01,2.107999999999999874e-01,5.843000000000000416e-01,-7.320000000000000118e-02,1.821099999999999941e+00,-7.040000000000000424e-02,8.379999999999999949e-02,-1.619999999999999912e-02,1.770000000000000046e-02
2.791000000000000147e-01,3.897999999999999798e-01,3.058000000000000163e-01,7.621999999999999886e-01,5.019000000000000128e-01,6.861000000000000432e-01,4.305999999999999828e-01,6.145000000000000462e-01,4.561999999999999944e-01,7.581999999999999851e-01,4.978000000000000203e-01,5.387999999999999456e-01
1.119899999999999896e+00,-1.729999999999999941e-02,7.295000000000000373e-01,1.010000000000000009e+00,6.373999999999999666e-01,6.944000000000000172e-01,7.769000000000000350e-01,9.545000000000000151e-01,7.148999999999999799e-01,5.439000000000000501e-01,7.167999999999999927e-01,1.024199999999999999e+00
3.250000000000000111e-01,2.790000000000000258e-01,7.359999999999999876e-01,1.607000000000000095e-01,7.520999999999999908e-01,2.878000000000000003e-01,1.784499999999999975e+00,-6.329999999999999516e-02,-7.240000000000000602e-02,2.082300000000000040e+00,3.470000000000000168e-02,-4.150000000000000216e-02
3.648000000000000131e-01,5.643000000000000238e-01,7.458000000000000185e-01,4.867000000000000215e-01,8.342000000000000526e-01,5.187000000000000499e-01,1.737500000000000044e+00,-6.499999999999999702e-03,-9.810000000000000664e-02,2.117799999999999905e+00,-5.920000000000000262e-02,7.119999999999999940e-02
2.703999999999999737e-01,7.288000000000000034e-01,6.289000000000000146e-01,6.756999999999999673e-01,7.274000000000000465e-01,7.036999999999999922e-01,1.694199999999999928e+00,4.619999999999999801e-02,5.750000000000000250e-02,1.929999999999999938e+00,-1.149999999999999981e-02,1.200000000000000025e-02
-2.299999999999999961e-03,9.056999999999999496e-01,2.290999999999999981e-01,9.915000000000000480e-01,4.588999999999999746e-01,8.647000000000000242e-01,5.000000000000000104e-04,1.731800000000000006e+00,4.499999999999999660e-03,1.990399999999999947e+00,-5.000000000000000104e-03,5.300000000000000024e-03
4.964999999999999969e-01,1.738000000000000100e-01,7.884999999999999787e-01,2.034999999999999865e-01,9.661999999999999478e-01,1.356999999999999873e-01,1.835299999999999931e+00,-1.154000000000000026e-01,-1.559999999999999928e-02,2.021700000000000053e+00,-1.450000000000000074e-02,1.650000000000000078e-02
5.727999999999999758e-01,2.988999999999999990e-01,8.306000000000000050e-01,3.644000000000000017e-01,9.304000000000000048e-01,3.901999999999999913e-01,1.695999999999999952e+00,4.100000000000000172e-02,-8.429999999999999993e-02,2.100999999999999979e+00,-7.130000000000000226e-02,8.580000000000000127e-02
1.114300000000000068e+00,-1.080000000000000057e-02,5.238000000000000433e-01,4.259999999999999898e-01,3.533999999999999919e-01,4.048999999999999821e-01,5.255999999999999561e-01,4.234999999999999876e-01,4.289000000000000035e-01,2.980999999999999761e-01,5.392000000000000126e-01,4.056000000000000161e-01
4.782000000000000139e-01,4.641000000000000125e-01,8.945999999999999508e-01,3.435000000000000275e-01,8.572999999999999510e-01,5.356999999999999540e-01,1.875699999999999923e+00,-1.691000000000000003e-01,-6.899999999999999883e-03,2.014400000000000190e+00,2.089999999999999844e-02,-2.309999999999999901e-02
4.358000000000000207e-01,5.686999999999999833e-01,7.750000000000000222e-01,5.402000000000000135e-01,9.537999999999999812e-01,4.687000000000000055e-01,1.750699999999999923e+00,-2.560000000000000123e-02,1.562999999999999945e-01,1.816999999999999948e+00,6.029999999999999943e-02,-7.159999999999999698e-02
-5.000000000000000104e-04,1.120800000000000018e+00,6.350000000000000089e-02,1.665100000000000025e+00,-5.979999999999999899e-02,1.582699999999999996e+00,-7.100000000000000408e-03,1.746899999999999897e+00,8.840000000000000635e-02,1.332500000000000018e+00,1.032000000000000001e-01,1.617899999999999894e+00
1.121999999999999942e-01,2.212000000000000077e-01,2.767000000000000015e-01,2.258000000000000007e-01,4.064999999999999725e-01,1.461000000000000076e-01,2.235999999999999932e-01,2.891000000000000236e-01,2.270999999999999963e-01,3.709000000000000075e-01,2.521999999999999797e-01,2.523000000000000242e-01
-1.990000000000000102e-02,1.129399999999999959e+00,6.400000000000000307e-03,1.475300000000000056e+00,1.194999999999999951e-01,1.479400000000000048e+00,-8.569999999999999840e-02,1.833299999999999930e+00,-5.249999999999999806e-02,2.061500000000000110e+00,8.599999999999999312e-02,1.630200000000000093e+00
2.005000000000000115e-01,5.828999999999999737e-01,6.212999999999999634e-01,4.544000000000000261e-01,6.185000000000000497e-01,6.030999999999999694e-01,1.674800000000000066e+00,6.370000000000000662e-02,4.689999999999999725e-02,1.944499999999999895e+00,4.540000000000000285e-02,-5.330000000000000016e-02
8.989999999999999380e-02,4.961999999999999744e-01,1.670000000000000095e-01,7.478000000000000203e-01,1.831000000000000127e-01,8.578999999999999959e-01,1.602999999999999980e-01,7.559000000000000163e-01,1.481000000000000094e-01,9.170000000000000373e-01,1.539000000000000090e-01,7.604999999999999538e-01
4.052999999999999936e-01,3.192999999999999727e-01,7.127999999999999892e-01,4.064999999999999725e-01,6.600000000000000311e-01,6.450000000000000178e-01,6.434999999999999609e-01,4.922000000000000264e-01,7.326000000000000290e-01,5.784000000000000252e-01,6.610000000000000320e-01,4.686000000000000165e-01
1.100500000000000034e+00,6.599999999999999964e-03,4.420999999999999930e-01,8.559999999999999831e-01,3.822999999999999732e-01,5.486999999999999655e-01,4.909000000000000030e-01,7.965999999999999748e-01,3.240999999999999992e-01,5.907000000000000028e-01,5.003999999999999559e-01,7.838000000000000522e-01
9.710999999999999632e-01,1.021999999999999992e-01,1.494599999999999929e+00,2.016000000000000014e-01,1.763500000000000068e+00,1.582999999999999963e-01,1.554200000000000026e+00,1.290000000000000036e-01,1.834300000000000042e+00,1.014000000000000040e-01,1.488899999999999890e+00,2.066000000000000059e-01
2.104999999999999927e-01,1.522000000000000020e-01,5.753000000000000336e-01,9.360000000000000264e-02,6.695999999999999730e-01,1.233999999999999958e-01,1.762999999999999901e+00,-3.660000000000000059e-02,4.100000000000000346e-03,-4.000000000000000083e-03,-1.859999999999999848e-02,2.319999999999999840e-02
1.981999999999999873e-01,7.610999999999999988e-01,4.900999999999999801e-01,7.843999999999999861e-01,6.065000000000000391e-01,7.851000000000000201e-01,1.734699999999999909e+00,-4.100000000000000346e-03,9.349999999999999978e-02,1.890800000000000036e+00,-3.790000000000000313e-02,4.529999999999999999e-02
5.732000000000000428e-01,9.819999999999999563e-02,9.495000000000000107e-01,2.149999999999999828e-02,1.010599999999999943e+00,9.039999999999999425e-02,1.689699999999999980e+00,5.020000000000000157e-02,1.855099999999999971e+00,1.663000000000000034e-01,-1.439999999999999961e-02,1.559999999999999928e-02
6.643000000000000016e-01,4.440000000000000058e-01,4.708999999999999853e-01,3.020999999999999797e-01,3.044000000000000039e-01,3.372999999999999887e-01,3.317999999999999838e-01,4.682999999999999940e-01,2.892000000000000126e-01,3.421000000000000152e-01,3.201999999999999846e-01,4.828000000000000069e-01
1.214399999999999924e+00,-1.345000000000000084e-01,5.727999999999999758e-01,8.044999999999999929e-01,4.732000000000000095e-01,4.932000000000000273e-01,5.432000000000000162e-01,8.458999999999999853e-01,4.364999999999999991e-01,5.079000000000000181e-01,6.444999999999999618e-01,7.233000000000000540e-01
1.020299999999999985e+00,1.023000000000000020e-01,1.339900000000000091e+00,3.862999999999999767e-01,8.918000000000000371e-01,4.010000000000000231e-01,1.399999999999999911e+00,3.113000000000000211e-01,9.264000000000000012e-01,3.065999999999999837e-01,1.256799999999999917e+00,4.879999999999999893e-01
1.032000000000000001e-01,2.144999999999999962e-01,2.227999999999999980e-01,2.617999999999999772e-01,2.333999999999999964e-01,3.196999999999999842e-01,2.795000000000000262e-01,1.927999999999999992e-01,2.514000000000000123e-01,3.101999999999999758e-01,2.510000000000000009e-01,2.285000000000000087e-01
3.579999999999999849e-01,2.762999999999999901e-01,4.853999999999999981e-01,5.266999999999999460e-01,6.304999999999999494e-01,5.067000000000000393e-01,6.040999999999999703e-01,3.864000000000000212e-01,6.264999999999999458e-01,5.286999999999999478e-01,5.910999999999999588e-01,4.011000000000000121e-01
1.059299999999999908e+00,5.469999999999999862e-02,9.244999999999999885e-01,3.886999999999999900e-01,7.576000000000000512e-01,1.769000000000000017e-01,9.577999999999999847e-01,3.412000000000000033e-01,7.952000000000000179e-01,1.095000000000000001e-01,1.041500000000000092e+00,2.449999999999999956e-01
4.621999999999999997e-01,1.290000000000000036e-01,7.077999999999999847e-01,2.222000000000000086e-01,7.751000000000000112e-01,2.817000000000000060e-01,7.012000000000000455e-01,2.305000000000000104e-01,8.362000000000000544e-01,2.308000000000000052e-01,6.095000000000000417e-01,3.372999999999999887e-01
6.360999999999999988e-01,8.160000000000000586e-02,9.488999999999999657e-01,1.880999999999999894e-01,1.033400000000000096e+00,2.630000000000000115e-01,9.600999999999999535e-01,1.715000000000000135e-01,1.003700000000000037e+00,3.190999999999999948e-01,1.146200000000000108e+00,-4.830000000000000265e-02
5.272000000000000020e-01,1.323000000000000009e-01,1.047099999999999920e+00,-1.194999999999999951e-01,1.095699999999999896e+00,-3.109999999999999917e-02,1.817900000000000071e+00,-1.025999999999999968e-01,1.931499999999999995e+00,7.749999999999999944e-02,6.700000000000000226e-03,-8.200000000000000691e-03
3.559999999999999831e-01,5.282000000000000028e-01,6.139000000000000012e-01,5.976000000000000201e-01,7.348000000000000087e-01,5.919999999999999707e-01,1.600500000000000034e+00,1.565000000000000002e-01,-3.679999999999999938e-02,2.045900000000000052e+00,2.099999999999999870e-03,-8.999999999999999754e-04
2.230999999999999928e-01,2.159999999999999976e-01,3.652000000000000246e-01,3.176999999999999824e-01,3.538000000000000034e-01,4.354999999999999982e-01,3.714000000000000079e-01,3.081999999999999740e-01,3.945000000000000173e-01,4.011000000000000121e-01,3.865999999999999992e-01,2.948999999999999955e-01
1.124500000000000055e+00,-2.179999999999999993e-02,4.186000000000000276e-01,1.652000000000000135e-01,3.845000000000000084e-01,9.650000000000000244e-02,4.260999999999999788e-01,1.539000000000000090e-01,3.543000000000000038e-01,1.255999999999999894e-01,4.995999999999999885e-01,6.969999999999999807e-02
-4.599999999999999922e-03,4.540000000000000147e-01,1.915000000000000036e-01,5.705999999999999961e-01,3.020999999999999797e-01,5.828999999999999737e-01,-6.529999999999999694e-02,1.807800000000000074e+00,-4.130000000000000338e-02,4.920000000000000068e-02,8.999999999999999320e-03,-1.080000000000000057e-02
4.557999999999999829e-01,6.417000000000000481e-01,7.385000000000000453e-01,7.059999999999999609e-01,9.106999999999999540e-01,6.385999999999999455e-01,1.640500000000000069e+00,1.095000000000000001e-01,-1.430000000000000021e-02,2.021500000000000075e+00,-6.379999999999999560e-02,1.806699999999999973e+00
2.472000000000000031e-01,3.830000000000000071e-01,4.762000000000000122e-01,4.897000000000000242e-01,5.657999999999999696e-01,5.331000000000000183e-01,4.445000000000000062e-01,5.271000000000000130e-01,4.262000000000000233e-01,7.066000000000000059e-01,5.669999999999999485e-01,3.800999999999999934e-01
5.639999999999999875e-02,8.770000000000000018e-01,4.093999999999999861e-01,8.304000000000000270e-01,4.597999999999999865e-01,9.081000000000000183e-01,1.685499999999999998e+00,5.739999999999999963e-02,-1.159999999999999920e-02,2.014600000000000168e+00,3.930000000000000160e-02,-4.599999999999999922e-02
4.712999999999999967e-01,4.385999999999999899e-01,7.292999999999999483e-01,6.935999999999999943e-01,7.792000000000000037e-01,8.545000000000000373e-01,6.978999999999999648e-01,7.342999999999999527e-01,8.918000000000000371e-01,7.419000000000000039e-01,6.975000000000000089e-01,7.379999999999999893e-01
2.273000000000000020e-01,4.148000000000000020e-01,3.511000000000000232e-01,6.521000000000000130e-01,3.821999999999999842e-01,7.671000000000000041e-01,4.646000000000000130e-01,5.181999999999999940e-01,4.037000000000000033e-01,7.567000000000000393e-01,3.497999999999999998e-01,6.585999999999999632e-01
5.004999999999999449e-01,3.034000000000000030e-01,7.548000000000000265e-01,5.120999999999999996e-01,1.041600000000000081e+00,3.657000000000000250e-01,8.597000000000000197e-01,3.825999999999999956e-01,1.028000000000000025e+00,4.066000000000000170e-01,7.793999999999999817e-01,4.771000000000000241e-01
-4.580000000000000043e-02,5.080999999999999961e-01,-4.809999999999999692e-02,8.259999999999999565e-01,-1.859999999999999848e-02,9.120000000000000329e-01,4.689999999999999725e-02,1.675899999999999945e+00,-5.220000000000000334e-02,6.230000000000000121e-02,-4.100000000000000346e-03,6.400000000000000307e-03
7.016999999999999904e-01,3.973999999999999755e-01,1.022199999999999998e+00,5.651000000000000467e-01,1.199500000000000011e+00,5.024999999999999467e-01,1.701000000000000068e+00,3.670000000000000345e-02,2.096699999999999786e+00,-1.106000000000000039e-01,6.400000000000000307e-03,1.724199999999999955e+00
3.024999999999999911e-01,4.500000000000000111e-01,6.046000000000000263e-01,4.666000000000000147e-01,7.225000000000000311e-01,4.638999999999999790e-01,1.802599999999999980e+00,-8.279999999999999860e-02,-4.240000000000000019e-02,2.049500000000000099e+00,-3.420000000000000123e-02,4.299999999999999656e-02
1.171000000000000041e+00,-7.670000000000000429e-02,5.021999999999999797e-01,3.120999999999999885e-01,4.242000000000000215e-01,2.323999999999999955e-01,4.959000000000000075e-01,3.192999999999999727e-01,4.354999999999999982e-01,2.043000000000000094e-01,5.301000000000000156e-01,2.812000000000000055e-01
1.148099999999999898e+00,-5.410000000000000225e-02,7.842000000000000082e-01,2.590000000000000080e-01,6.844000000000000083e-01,1.110000000000000014e-01,8.147999999999999687e-01,2.220000000000000029e-01,7.088999999999999746e-01,6.410000000000000420e-02,8.861999999999999877e-01,1.436999999999999944e-01
2.779999999999999832e-02,6.130000000000000032e-02,2.001000000000000001e-01,2.144000000000000072e-01,3.815000000000000058e-01,1.446000000000000063e-01,1.434999999999999887e-01,1.562999999999999945e+00,-2.340000000000000066e-02,2.929999999999999966e-02,-1.340000000000000045e-02,1.619999999999999912e-02
1.968000000000000027e-01,8.895999999999999464e-01,4.827000000000000179e-01,9.246999999999999664e-01,6.167000000000000259e-01,9.016999999999999460e-01,1.671100000000000030e+00,6.719999999999999585e-02,-1.129999999999999928e-02,2.013999999999999790e+00,5.820000000000000173e-02,1.666900000000000048e+00
1.151399999999999979e+00,-5.220000000000000334e-02,7.812000000000000055e-01,9.582000000000000517e-01,6.171999999999999709e-01,8.570999999999999730e-01,8.638000000000000123e-01,8.508999999999999897e-01,6.028000000000000025e-01,8.007999999999999563e-01,8.649999999999999911e-01,8.518000000000000016e-01
4.833000000000000074e-01,5.855000000000000204e-01,6.724999999999999867e-01,1.015700000000000047e+00,8.942999999999999838e-01,1.002799999999999914e+00,7.815999999999999615e-01,8.850999999999999979e-01,9.070000000000000284e-01,1.016199999999999992e+00,7.664999999999999591e-01,9.062999999999999945e-01
1.723999999999999977e-01,3.816999999999999837e-01,1.701999999999999902e-01,7.203000000000000513e-01,2.872999999999999998e-01,7.048999999999999710e-01,2.921000000000000263e-01,5.731000000000000538e-01,3.514999999999999791e-01,6.441999999999999948e-01,2.985999999999999766e-01,5.658999999999999586e-01
