-1.899999999999999996e-03,1.731999999999999929e-01,5.700000000000000205e-03,4.882000000000000228e-01,2.076000000000000068e-01,3.910000000000000142e-01,8.600000000000000006e-03,1.719799999999999995e+00,2.149999999999999828e-02,-2.580000000000000002e-02,6.729999999999999871e-02,-8.290000000000000147e-02
6.379000000000000226e-01,3.709000000000000075e-01,9.139000000000000457e-01,6.784999999999999920e-01,1.117099999999999982e+00,6.824999999999999956e-01,9.073999999999999844e-01,6.916999999999999815e-01,1.152700000000000058e+00,6.739000000000000545e-01,9.866000000000000325e-01,5.957000000000000073e-01
4.843000000000000083e-01,6.101999999999999647e-01,2.827000000000000068e-01,1.441699999999999982e+00,2.175999999999999879e-01,8.856000000000000538e-01,3.215999999999999970e-01,1.399100000000000010e+00,8.599999999999999312e-02,1.002299999999999969e+00,2.466000000000000136e-01,1.485100000000000087e+00
4.409000000000000141e-01,-1.820000000000000090e-02,6.189999999999999947e-01,5.929999999999999855e-02,5.688999999999999613e-01,2.285999999999999976e-01,4.717000000000000082e-01,2.310999999999999999e-01,5.974000000000000421e-01,2.056000000000000050e-01,4.848999999999999977e-01,2.192000000000000060e-01
-1.580000000000000154e-02,4.552999999999999825e-01,1.158000000000000002e-01,6.441999999999999948e-01,3.486000000000000210e-01,5.106000000000000538e-01,-1.019000000000000045e-01,1.854600000000000026e+00,2.450000000000000094e-02,-3.049999999999999933e-02,6.260000000000000286e-02,-7.459999999999999964e-02
8.895999999999999464e-01,2.207000000000000073e-01,2.577999999999999736e-01,1.349299999999999944e+00,2.169000000000000095e-01,8.215999999999999970e-01,4.122999999999999998e-01,1.165399999999999991e+00,3.796999999999999820e-01,5.947999999999999954e-01,4.364999999999999991e-01,1.129599999999999937e+00
1.164000000000000035e-01,5.170000000000000151e-01,9.499999999999999764e-03,1.017200000000000104e+00,1.089999999999999997e-02,1.156900000000000039e+00,-2.769999999999999893e-02,1.060899999999999954e+00,-2.000000000000000042e-03,1.186900000000000066e+00,7.900000000000000078e-02,9.352000000000000313e-01
1.529000000000000081e-01,7.166000000000000147e-01,4.759999999999999787e-01,7.066000000000000059e-01,6.899999999999999467e-01,5.940999999999999615e-01,1.790100000000000025e+00,-6.710000000000000686e-02,8.600000000000000006e-03,1.987800000000000011e+00,-4.000000000000000083e-03,4.599999999999999922e-03
1.870000000000000134e-02,6.935999999999999943e-01,1.526000000000000134e-01,8.763999999999999568e-01,2.685000000000000164e-01,8.771999999999999797e-01,-2.400000000000000050e-02,1.761100000000000110e+00,5.659999999999999754e-02,1.933300000000000018e+00,3.520000000000000212e-02,-4.000000000000000083e-02
5.368000000000000549e-01,2.121000000000000107e-01,7.638000000000000345e-01,3.145999999999999908e-01,8.882999999999999785e-01,3.071999999999999731e-01,1.674800000000000066e+00,6.919999999999999762e-02,9.299999999999999239e-03,1.989600000000000035e+00,6.700000000000000226e-03,-9.100000000000000450e-03
2.033999999999999975e-01,6.542999999999999927e-01,2.535000000000000031e-01,1.109499999999999931e+00,3.151999999999999802e-01,1.231200000000000072e+00,2.384000000000000008e-01,1.129499999999999948e+00,3.808000000000000274e-01,1.179799999999999960e+00,2.253999999999999893e-01,1.140700000000000047e+00
2.913999999999999924e-01,8.203000000000000291e-01,1.383999999999999952e-01,9.877000000000000224e-01,1.531000000000000139e-01,6.967999999999999750e-01,2.093000000000000138e-01,9.102000000000000091e-01,2.099999999999999922e-01,6.084000000000000519e-01,1.683999999999999941e-01,9.537999999999999812e-01
6.989999999999999547e-01,1.695000000000000118e-01,1.112800000000000011e+00,2.379000000000000004e-01,1.287199999999999900e+00,2.462999999999999912e-01,1.054400000000000004e+00,3.047000000000000264e-01,1.330799999999999983e+00,2.267000000000000126e-01,1.103399999999999936e+00,2.485999999999999877e-01
4.255999999999999783e-01,2.779999999999999832e-02,6.815999999999999837e-01,2.220000000000000098e-02,7.521999999999999797e-01,5.630000000000000282e-02,6.716999999999999638e-01,3.389999999999999958e-02,8.997000000000000552e-01,-1.074999999999999983e-01,6.933000000000000274e-01,9.499999999999999764e-03
1.152099999999999902e+00,-5.580000000000000238e-02,7.191999999999999504e-01,1.030299999999999994e+00,7.693999999999999728e-01,4.801000000000000267e-01,8.317999999999999838e-01,8.979000000000000314e-01,6.653000000000000025e-01,5.582000000000000295e-01,9.177999999999999492e-01,7.946999999999999620e-01
5.043999999999999595e-01,1.540000000000000049e-02,8.125999999999999890e-01,-2.700000000000000143e-03,8.905999999999999472e-01,4.030000000000000249e-02,7.963000000000000078e-01,1.779999999999999985e-02,9.854000000000000536e-01,-5.489999999999999741e-02,7.247999999999999998e-01,1.000000000000000056e-01
2.187999999999999945e-01,3.368999999999999773e-01,3.669000000000000039e-01,5.010000000000000009e-01,3.111999999999999766e-01,6.959999999999999520e-01,2.374999999999999889e-01,6.536999999999999478e-01,3.345000000000000195e-01,6.776999999999999691e-01,2.797000000000000042e-01,6.030999999999999694e-01
1.079099999999999948e+00,3.289999999999999869e-02,5.165999999999999481e-01,7.448000000000000176e-01,4.626000000000000112e-01,4.486999999999999877e-01,5.806000000000000050e-01,6.720000000000000417e-01,4.976999999999999758e-01,3.901000000000000023e-01,5.377999999999999448e-01,7.246000000000000218e-01
1.101299999999999946e+00,3.700000000000000164e-03,4.778000000000000025e-01,5.739999999999999963e-02,3.816999999999999837e-01,6.809999999999999387e-02,3.377999999999999892e-01,2.227999999999999980e-01,3.602000000000000202e-01,8.799999999999999489e-02,3.096999999999999753e-01,2.581999999999999851e-01
1.120600000000000041e+00,-1.640000000000000138e-02,5.178000000000000380e-01,1.212099999999999955e+00,3.926000000000000045e-01,1.017600000000000060e+00,5.051999999999999824e-01,1.224699999999999900e+00,3.007000000000000228e-01,1.063800000000000079e+00,4.733999999999999875e-01,1.256599999999999939e+00
4.290000000000000063e-02,7.169999999999999707e-01,2.489999999999999991e-01,8.307999999999999829e-01,4.208000000000000074e-01,7.661000000000000032e-01,-2.319999999999999840e-02,1.762899999999999912e+00,1.859999999999999848e-02,1.978799999999999892e+00,-6.869999999999999718e-02,8.129999999999999727e-02
6.042999999999999483e-01,4.847000000000000197e-01,2.697999999999999843e-01,7.133000000000000451e-01,1.207000000000000017e-01,6.650000000000000355e-01,1.965999999999999970e-01,7.994999999999999885e-01,3.183000000000000274e-01,4.146000000000000241e-01,3.366999999999999993e-01,6.291999999999999815e-01
3.362999999999999878e-01,4.877000000000000224e-01,6.283999999999999586e-01,5.174999999999999600e-01,6.639000000000000457e-01,6.105000000000000426e-01,1.634700000000000042e+00,1.160000000000000059e-01,-7.739999999999999658e-02,2.089799999999999880e+00,1.650000000000000078e-02,-2.060000000000000026e-02
2.741000000000000103e-01,5.163999999999999702e-01,3.749000000000000110e-01,8.772999999999999687e-01,4.354999999999999982e-01,9.831999999999999629e-01,4.299000000000000044e-01,8.103000000000000203e-01,5.145999999999999464e-01,9.149000000000000465e-01,3.876999999999999891e-01,8.587000000000000188e-01
1.089999999999999997e-01,7.328000000000000069e-01,2.591999999999999860e-01,1.042399999999999993e+00,3.452999999999999958e-01,1.126100000000000101e+00,2.119999999999999940e-01,1.098999999999999977e+00,3.552000000000000157e-01,1.139399999999999968e+00,2.399999999999999911e-01,1.065499999999999892e+00
1.590000000000000024e-01,9.624000000000000332e-01,5.615999999999999881e-01,1.167599999999999971e+00,7.066999999999999948e-01,1.197999999999999954e+00,1.750799999999999912e+00,-2.139999999999999888e-02,1.230000000000000017e-02,1.983100000000000085e+00,1.710000000000000062e-02,1.712499999999999911e+00
7.105000000000000204e-01,3.831999999999999851e-01,9.547999999999999821e-01,4.647999999999999909e-01,1.065399999999999903e+00,4.733999999999999875e-01,1.780599999999999961e+00,-5.460000000000000270e-02,1.931100000000000039e+00,7.979999999999999594e-02,-8.089999999999999969e-02,1.827599999999999891e+00
6.852000000000000313e-01,4.215999999999999748e-01,2.922000000000000153e-01,1.445999999999999952e+00,2.702999999999999847e-01,1.491500000000000048e+00,3.943999999999999728e-01,1.328699999999999992e+00,2.530000000000000027e-01,1.362000000000000099e+00,3.463999999999999857e-01,1.382300000000000084e+00
4.194999999999999840e-01,8.830000000000000349e-02,7.208999999999999853e-01,9.850000000000000422e-02,9.005999999999999561e-01,3.059999999999999873e-02,1.774499999999999966e+00,-4.859999999999999737e-02,4.909999999999999781e-02,-5.700000000000000205e-02,-4.179999999999999688e-02,4.739999999999999769e-02
4.259000000000000008e-01,4.326999999999999735e-01,6.630000000000000338e-01,6.834999999999999964e-01,6.497000000000000552e-01,9.032000000000000028e-01,6.208000000000000185e-01,7.378000000000000114e-01,6.524999999999999689e-01,9.306999999999999718e-01,6.687999999999999501e-01,6.760000000000000453e-01
7.123000000000000442e-01,4.087999999999999967e-01,4.205999999999999739e-01,5.595999999999999863e-01,2.808999999999999830e-01,4.953000000000000180e-01,3.921000000000000041e-01,5.953000000000000513e-01,3.269000000000000239e-01,4.263000000000000123e-01,3.688000000000000167e-01,6.181999999999999718e-01
3.119999999999999996e-01,4.003999999999999782e-01,6.671000000000000263e-01,3.565999999999999726e-01,5.774000000000000243e-01,6.071999999999999620e-01,1.690600000000000103e+00,5.000000000000000278e-02,1.290000000000000001e-02,1.987400000000000055e+00,-1.379999999999999977e-02,1.650000000000000078e-02
3.084000000000000075e-01,5.383999999999999897e-01,6.886999999999999789e-01,4.606999999999999984e-01,7.590999999999999970e-01,5.192999999999999838e-01,1.674400000000000110e+00,6.189999999999999669e-02,-2.330000000000000127e-02,2.028300000000000214e+00,-1.729999999999999941e-02,2.100000000000000130e-02
3.584999999999999853e-01,6.260000000000000009e-01,7.742999999999999883e-01,5.064999999999999503e-01,7.984999999999999876e-01,6.149000000000000021e-01,1.737500000000000044e+00,-1.089999999999999997e-02,4.900000000000000189e-02,1.945400000000000018e+00,-8.970000000000000195e-02,1.064999999999999974e-01
1.129599999999999937e+00,-3.020000000000000115e-02,6.533999999999999808e-01,1.097599999999999909e+00,6.020999999999999686e-01,4.781000000000000250e-01,7.220999999999999641e-01,1.015500000000000069e+00,6.298000000000000265e-01,4.143999999999999906e-01,7.729000000000000314e-01,9.527999999999999803e-01
7.427000000000000268e-01,7.389999999999999347e-02,1.189300000000000024e+00,8.300000000000000433e-02,1.414299999999999891e+00,2.050000000000000086e-02,1.250599999999999934e+00,6.000000000000000125e-03,1.441500000000000004e+00,1.239999999999999956e-02,1.193500000000000005e+00,7.420000000000000207e-02
4.666000000000000147e-01,6.226000000000000423e-01,8.800000000000000044e-01,7.975999999999999757e-01,9.466999999999999860e-01,9.687999999999999945e-01,6.724999999999999867e-01,1.039400000000000102e+00,8.871999999999999886e-01,1.067700000000000093e+00,7.360999999999999766e-01,9.614000000000000323e-01
5.764000000000000234e-01,3.032000000000000250e-01,9.576999999999999957e-01,4.119999999999999774e-01,9.673000000000000487e-01,6.152999999999999581e-01,9.352000000000000313e-01,4.391999999999999793e-01,9.751999999999999558e-01,6.313999999999999613e-01,7.571999999999999842e-01,6.480000000000000204e-01
3.265000000000000124e-01,4.894000000000000017e-01,6.227000000000000313e-01,5.130000000000000115e-01,7.186000000000000165e-01,5.416999999999999593e-01,1.765500000000000069e+00,-3.930000000000000160e-02,-4.839999999999999858e-02,2.053500000000000103e+00,9.799999999999999684e-03,-1.190000000000000085e-02
4.544000000000000261e-01,3.765999999999999903e-01,8.269999999999999574e-01,4.520000000000000129e-01,7.125000000000000222e-01,7.868000000000000549e-01,6.932000000000000384e-01,6.157000000000000250e-01,7.669000000000000261e-01,7.422999999999999599e-01,5.673000000000000265e-01,7.613999999999999657e-01
4.647000000000000020e-01,9.610000000000000486e-02,8.449999999999999734e-01,1.089999999999999997e-02,9.375999999999999890e-01,3.980000000000000204e-02,7.986999999999999655e-01,6.400000000000000133e-02,8.025999999999999801e-01,2.184999999999999998e-01,7.818000000000000504e-01,8.880000000000000393e-02
1.167899999999999938e+00,-7.670000000000000429e-02,1.151899999999999924e+00,5.656999999999999806e-01,8.234000000000000208e-01,1.057900000000000063e+00,1.061099999999999932e+00,6.777999999999999581e-01,6.291999999999999815e-01,1.053299999999999903e+00,1.050300000000000011e+00,6.942000000000000393e-01
4.038999999999999813e-01,3.573000000000000065e-01,6.584999999999999742e-01,5.333999999999999853e-01,6.388000000000000345e-01,7.319999999999999840e-01,6.292999999999999705e-01,5.603000000000000203e-01,6.803000000000000158e-01,7.046999999999999931e-01,5.666999999999999815e-01,6.358000000000000318e-01
5.577999999999999625e-01,4.955999999999999850e-01,8.414000000000000368e-01,5.372000000000000108e-01,9.264999999999999902e-01,5.695000000000000062e-01,1.719999999999999973e+00,1.959999999999999937e-02,7.739999999999999658e-02,1.906199999999999894e+00,-9.719999999999999474e-02,1.850300000000000056e+00
6.627999999999999448e-01,4.249999999999999889e-01,2.747999999999999887e-01,2.046000000000000041e-01,1.554999999999999993e-01,2.684000000000000274e-01,2.439000000000000057e-01,2.412999999999999867e-01,2.984999999999999876e-01,8.699999999999999400e-02,2.818999999999999839e-01,1.962000000000000133e-01
5.381000000000000227e-01,2.008000000000000063e-01,9.184999999999999831e-01,2.280999999999999972e-01,1.066400000000000015e+00,2.308000000000000052e-01,9.062000000000000055e-01,2.368000000000000105e-01,9.814000000000000501e-01,3.534999999999999809e-01,8.856000000000000538e-01,2.679000000000000270e-01
5.380000000000000338e-01,4.697000000000000064e-01,7.407000000000000250e-01,8.628000000000000114e-01,7.884999999999999787e-01,1.048799999999999955e+00,7.124000000000000332e-01,8.969000000000000306e-01,9.389999999999999458e-01,9.041000000000000147e-01,7.318999999999999950e-01,8.753999999999999559e-01
7.229999999999999760e-01,2.897000000000000131e-01,1.061700000000000088e+00,5.399000000000000465e-01,1.291800000000000059e+00,5.118000000000000327e-01,1.153699999999999948e+00,4.307000000000000273e-01,1.208599999999999897e+00,6.427000000000000490e-01,9.570999999999999508e-01,6.620000000000000329e-01
5.221000000000000085e-01,5.633000000000000229e-01,9.388999999999999568e-01,7.339999999999999858e-01,9.714000000000000412e-01,9.560999999999999499e-01,9.043999999999999817e-01,7.730000000000000204e-01,1.116400000000000059e+00,8.080000000000000515e-01,9.203999999999999959e-01,7.540999999999999925e-01
1.645999999999999963e-01,5.148000000000000353e-01,4.557999999999999829e-01,5.404999999999999805e-01,5.855000000000000204e-01,5.258000000000000451e-01,1.727000000000000091e+00,4.400000000000000265e-03,-1.250000000000000069e-02,2.019000000000000128e+00,3.960000000000000325e-02,-4.630000000000000088e-02
4.447999999999999732e-01,6.421999999999999931e-01,8.192000000000000393e-01,5.634000000000000119e-01,8.852999999999999758e-01,6.291999999999999815e-01,1.754599999999999937e+00,-2.460000000000000034e-02,2.869999999999999982e-02,1.963899999999999979e+00,-1.710000000000000062e-02,1.754599999999999937e+00
1.359999999999999924e-02,9.960999999999999854e-01,2.466000000000000136e-01,1.077499999999999902e+00,3.378999999999999782e-01,1.112000000000000099e+00,5.619999999999999996e-02,1.662300000000000111e+00,-4.080000000000000293e-02,2.046100000000000030e+00,-1.250000000000000069e-02,1.609999999999999973e-02
7.635999999999999455e-01,1.110000000000000014e-01,1.172099999999999920e+00,4.000000000000000192e-04,1.307500000000000107e+00,-1.810000000000000150e-02,1.756099999999999994e+00,-3.150000000000000022e-02,1.876900000000000013e+00,1.464000000000000024e-01,4.909999999999999781e-02,-5.820000000000000173e-02
9.677999999999999936e-01,1.204999999999999960e-01,4.168999999999999928e-01,7.365000000000000435e-01,2.957000000000000184e-01,5.802000000000000490e-01,4.316999999999999726e-01,7.145000000000000240e-01,3.141999999999999793e-01,5.354999999999999760e-01,3.242999999999999772e-01,8.496000000000000218e-01
3.039000000000000035e-01,8.250000000000000389e-02,5.031999999999999806e-01,1.000999999999999945e-01,6.312999999999999723e-01,4.200000000000000261e-02,5.443000000000000060e-01,4.809999999999999692e-02,6.187000000000000277e-01,7.040000000000000424e-02,5.802000000000000490e-01,5.799999999999999600e-03
1.155499999999999972e+00,-5.990000000000000185e-02,1.190600000000000103e+00,2.980999999999999761e-01,9.962999999999999634e-01,-1.430000000000000021e-02,1.078899999999999970e+00,4.294000000000000039e-01,8.709000000000000075e-01,1.025999999999999968e-01,1.261800000000000033e+00,2.111000000000000099e-01
1.040999999999999981e-01,6.762000000000000233e-01,3.926000000000000045e-01,7.049999999999999600e-01,5.157000000000000473e-01,7.067999999999999838e-01,1.774499999999999966e+00,-5.129999999999999838e-02,3.810000000000000192e-02,1.957999999999999963e+00,-2.210000000000000159e-02,2.529999999999999957e-02
1.242999999999999938e-01,8.551999999999999602e-01,2.606999999999999873e-01,1.254299999999999971e+00,2.223999999999999866e-01,1.517600000000000060e+00,2.059999999999999887e-01,1.322799999999999976e+00,2.795000000000000262e-01,1.475999999999999979e+00,3.078000000000000180e-01,1.201100000000000056e+00
4.809999999999999692e-02,6.300999999999999934e-01,3.640999999999999792e-01,6.273999999999999577e-01,4.213000000000000078e-01,6.975000000000000089e-01,4.649999999999999967e-02,1.677499999999999991e+00,-2.970000000000000070e-02,2.037900000000000045e+00,1.500000000000000031e-03,-2.200000000000000133e-03
1.491999999999999993e-01,9.433000000000000274e-01,4.581000000000000072e-01,1.263300000000000090e+00,4.339999999999999969e-01,1.517700000000000049e+00,1.692600000000000104e+00,4.630000000000000088e-02,-5.269999999999999685e-02,2.056400000000000006e+00,-1.043000000000000038e-01,1.854999999999999982e+00
5.975000000000000311e-01,9.589999999999999913e-02,8.709000000000000075e-01,2.277000000000000135e-01,9.447999999999999732e-01,3.095999999999999863e-01,8.983999999999999764e-01,1.908999999999999864e-01,1.040399999999999991e+00,2.144000000000000072e-01,8.695000000000000506e-01,2.280000000000000082e-01
9.909999999999999365e-02,6.097000000000000197e-01,1.927999999999999992e-01,9.125999999999999668e-01,2.848999999999999866e-01,9.649999999999999689e-01,1.819000000000000061e-01,9.313000000000000167e-01,2.586999999999999855e-01,1.014799999999999924e+00,2.217000000000000082e-01,8.827000000000000401e-01
3.179000000000000159e-01,4.890999999999999792e-01,7.155000000000000249e-01,3.882999999999999785e-01,7.770000000000000240e-01,4.546999999999999931e-01,1.566300000000000026e+00,1.948999999999999899e-01,5.829999999999999766e-02,1.927599999999999980e+00,3.479999999999999760e-02,-4.359999999999999987e-02
1.476999999999999980e-01,4.546999999999999931e-01,2.569000000000000172e-01,6.831000000000000405e-01,2.449999999999999956e-01,8.359999999999999654e-01,3.765000000000000013e-01,5.412000000000000144e-01,2.740000000000000213e-01,8.185999999999999943e-01,1.857000000000000040e-01,7.708000000000000407e-01
1.050799999999999956e+00,6.519999999999999407e-02,4.232000000000000206e-01,8.029999999999999638e-02,3.003000000000000114e-01,1.361999999999999877e-01,3.865000000000000102e-01,1.219999999999999973e-01,3.644999999999999907e-01,4.689999999999999725e-02,4.060000000000000275e-01,9.850000000000000422e-02
2.610000000000000098e-01,7.540000000000000036e-01,6.274999999999999467e-01,6.879999999999999449e-01,6.739000000000000545e-01,7.751000000000000112e-01,1.638600000000000056e+00,1.087000000000000050e-01,5.129999999999999838e-02,1.938700000000000090e+00,4.939999999999999947e-02,-5.850000000000000339e-02
1.066400000000000015e+00,4.440000000000000197e-02,3.890000000000000124e-01,1.360999999999999988e+00,4.380999999999999894e-01,6.263999999999999568e-01,5.385999999999999677e-01,1.188199999999999923e+00,4.047000000000000042e-01,6.327000000000000401e-01,3.705999999999999850e-01,1.379199999999999982e+00
-6.499999999999999702e-03,7.993000000000000105e-01,3.266999999999999904e-01,7.766999999999999460e-01,4.521999999999999909e-01,7.680000000000000160e-01,-2.819999999999999937e-02,1.766799999999999926e+00,4.970000000000000112e-02,1.942099999999999937e+00,-5.330000000000000016e-02,6.489999999999999936e-02
1.839999999999999969e-01,6.729000000000000536e-01,4.950999999999999845e-01,6.792000000000000259e-01,5.735999999999999988e-01,7.247999999999999998e-01,1.651000000000000023e+00,9.460000000000000353e-02,-1.129999999999999928e-02,2.015000000000000124e+00,1.500000000000000031e-03,-2.299999999999999961e-03
4.082999999999999963e-01,6.277000000000000357e-01,5.078000000000000291e-01,1.137299999999999978e+00,5.682000000000000384e-01,1.305399999999999894e+00,6.229000000000000092e-01,1.002099999999999991e+00,6.979999999999999538e-01,1.180199999999999916e+00,6.487000000000000544e-01,9.709999999999999742e-01
1.125000000000000000e+00,-1.909999999999999892e-02,6.253999999999999559e-01,1.100600000000000023e+00,3.906000000000000028e-01,8.228999999999999648e-01,6.110999999999999766e-01,1.120500000000000052e+00,4.252000000000000224e-01,7.402999999999999581e-01,6.368000000000000327e-01,1.083800000000000097e+00
1.179000000000000048e-01,3.771999999999999797e-01,1.542999999999999927e-01,6.232999999999999652e-01,2.983000000000000096e-01,5.635999999999999899e-01,2.670000000000000151e-01,4.900999999999999801e-01,2.800000000000000266e-01,6.009999999999999787e-01,1.791000000000000092e-01,5.917000000000000037e-01
3.808000000000000274e-01,3.059000000000000052e-01,7.125000000000000222e-01,2.866000000000000214e-01,8.359999999999999654e-01,2.762000000000000011e-01,1.762599999999999945e+00,-4.019999999999999962e-02,-1.060000000000000005e-02,2.014400000000000190e+00,-2.189999999999999933e-02,2.570000000000000062e-02
4.174999999999999822e-01,3.383999999999999786e-01,7.302999999999999492e-01,4.442999999999999727e-01,7.458000000000000185e-01,6.022999999999999465e-01,6.858999999999999542e-01,4.919000000000000039e-01,8.668000000000000149e-01,4.793999999999999928e-01,7.330999999999999739e-01,4.359999999999999987e-01
5.340000000000000302e-02,9.828000000000000069e-01,2.122999999999999887e-01,1.128600000000000048e+00,2.351000000000000034e-01,1.247100000000000097e+00,-7.900000000000000078e-02,1.824500000000000011e+00,-3.620000000000000301e-02,2.039299999999999891e+00,-1.319999999999999993e-02,1.450000000000000074e-02
3.769000000000000128e-01,4.515000000000000124e-01,1.789000000000000035e-01,1.932999999999999996e-01,1.165999999999999953e-01,2.086999999999999966e-01,1.751999999999999946e-01,1.986999999999999877e-01,1.617000000000000104e-01,1.489999999999999936e-01,1.449999999999999900e-01,2.361999999999999933e-01
4.429000000000000159e-01,2.770000000000000240e-01,6.559000000000000385e-01,4.769999999999999796e-01,7.532999999999999696e-01,5.332999999999999963e-01,6.635999999999999677e-01,4.678999999999999826e-01,9.272000000000000242e-01,3.483999999999999875e-01,6.942000000000000393e-01,4.314999999999999947e-01
7.158999999999999808e-01,3.886999999999999900e-01,3.220999999999999974e-01,2.427999999999999881e-01,3.202999999999999736e-01,1.403999999999999970e-01,3.724999999999999978e-01,1.796999999999999986e-01,2.980999999999999761e-01,1.584000000000000130e-01,2.152999999999999914e-01,3.691999999999999726e-01
4.675000000000000266e-01,3.225999999999999979e-01,7.763999999999999790e-01,4.497999999999999776e-01,8.158999999999999586e-01,5.907999999999999918e-01,6.720000000000000417e-01,5.725999999999999979e-01,8.784999999999999476e-01,5.376999999999999558e-01,5.607999999999999652e-01,7.012000000000000455e-01
1.032100000000000017e+00,8.920000000000000151e-02,7.000999999999999446e-01,1.020799999999999930e+00,4.295999999999999819e-01,1.249300000000000077e+00,5.636999999999999789e-01,1.175499999999999989e+00,5.355999999999999650e-01,1.006599999999999939e+00,5.957000000000000073e-01,1.141199999999999992e+00
3.790999999999999925e-01,2.530000000000000027e-01,8.544000000000000483e-01,6.310000000000000331e-02,8.729000000000000092e-01,1.837999999999999912e-01,1.780599999999999961e+00,-5.310000000000000137e-02,7.710000000000000187e-02,1.912700000000000067e+00,-3.610000000000000014e-02,4.320000000000000229e-02
1.084899999999999975e+00,2.450000000000000094e-02,3.845999999999999974e-01,1.362700000000000022e+00,4.707000000000000073e-01,7.383999999999999453e-01,4.255999999999999783e-01,1.313499999999999890e+00,4.017000000000000015e-01,7.778000000000000469e-01,4.385000000000000009e-01,1.299299999999999899e+00
1.184099999999999930e+00,-9.099999999999999756e-02,5.881999999999999451e-01,6.830000000000000515e-01,4.091000000000000192e-01,5.273999999999999799e-01,6.263999999999999568e-01,6.381000000000000005e-01,4.738999999999999879e-01,4.277000000000000246e-01,5.825000000000000178e-01,6.908999999999999586e-01
1.099399999999999933e+00,8.000000000000000167e-03,8.668000000000000149e-01,8.454000000000000403e-01,5.697999999999999732e-01,1.413999999999999924e+00,6.726999999999999647e-01,1.078300000000000036e+00,5.143999999999999684e-01,1.395699999999999941e+00,6.685999999999999721e-01,1.076999999999999957e+00
3.388999999999999790e-01,-2.500000000000000052e-03,6.461999999999999966e-01,1.600000000000000077e-03,8.298999999999999710e-01,-7.180000000000000271e-02,1.751500000000000057e+00,-2.659999999999999865e-02,6.930000000000000049e-02,-8.169999999999999485e-02,-3.819999999999999785e-02,4.560000000000000164e-02
1.174999999999999933e-01,6.417000000000000481e-01,2.160000000000000114e-02,3.413999999999999813e-01,-4.499999999999999660e-03,3.156999999999999806e-01,4.349999999999999700e-02,3.125999999999999890e-01,8.799999999999999489e-02,2.013999999999999957e-01,8.649999999999999356e-02,2.635000000000000120e-01
3.376000000000000112e-01,7.419000000000000039e-01,4.848000000000000087e-01,1.221000000000000085e+00,6.334999999999999520e-01,1.290999999999999925e+00,5.920999999999999597e-01,1.088100000000000067e+00,6.009999999999999787e-01,1.356400000000000050e+00,4.958000000000000185e-01,1.201200000000000045e+00
3.906999999999999917e-01,6.293999999999999595e-01,5.878999999999999782e-01,7.718000000000000416e-01,8.172000000000000375e-01,6.377000000000000446e-01,1.697300000000000031e+00,4.519999999999999712e-02,1.262999999999999956e-01,1.845900000000000096e+00,-1.899999999999999996e-03,1.299999999999999940e-03
